2129
227
1299
1468
3512
4412
816
1805
3333
4561
626
764
2993
4841
614
3058
3048
3219
581
683
367
618
3449
1406
1648
1003
390
859
4135
2381
1215
500
431
896
4632
47
1046
3284
4399
1001
797
3681
4980
3159
4951
1313
2961
4297
4018
4080
32
4556
2979
3148
1403
261
1850
1071
3863
1358
624
384
4976
4723
530
1142
3457
4898
2486
1798
4700
3029
1127
3513
3567
1925
133
3227
3724
2133
2241
2004
1908
1545
119
3022
1136
18
3680
3292
4592
679
3553
3635
1776
4061
1742
590
1516
4557
59
2242
2341
4587
124
4438
1647
2451
4044
2868
1784
2188
93
3508
3895
3599
1846
3005
3180
3846
2539
3602
2970
2203
4059
165
418
3919
2098
886
3857
2043
4714
2347
3927
2643
2434
3051
3552
3950
3977
172
2368
873
298
375
4428
3739
2435
3861
2610
3042
3165
1874
2011
2893
4048
239
4739
2433
3145
2415
719
3218
4383
435
4498
2346
3381
1566
1484
617
1174
365
360
112
4073
2638
2865
4329
4480
2954
1949
681
1149
394
2349
4669
2490
2712
3913
1513
3377
66
3539
2090
2616
3955
4628
3479
990
2450
3920
1895
277
2978
3558
198
4857
832
2572
1842
3188
3172
3099
2699
4026
808
2468
2312
2084
2212
2120
3931
4656
4704
3496
2396
3300
1426
1396
4166
4922
2894
3183
4444
2014
2417
1027
2636
4546
4726
3962
4234
4031
4167
1700
948
3085
1443
2269
1438
4356
3656
1699
1186
2597
898
1986
2342
3800
1138
2560
615
4749
639
2592
374
1561
127
929
2038
2473
2680
1382
4230
743
817
135
2007
2217
1050
4943
4396
4455
3344
1836
4274
2792
4602
446
2181
2143
4986
4419
1831
2757
3547
495
1586
540
3585
4962
2772
2950
1224
3515
2122
2524
4653
85
1527
2633
4200
3871
4499
2390
4968
3286
3036
4078
1769
2207
4016
4238
1885
4953
3509
1454
2492
3
3131
1770
2958
3937
1625
3991
3855
733
4401
4916
88
2389
1623
4966
229
3153
1268
3006
2608
610
2778
1969
1320
4716
1650
3730
852
48
1743
3904
4492
3590
1065
897
698
914
1351
1180
3081
2635
3884
2959
1501
3102
4108
1659
4030
1263
3152
4183
2153
4621
1544
2890
4765
3220
1948
4437
632
1369
443
1450
3736
1669
1869
1139
985
3137
547
3598
1671
2493
1549
2079
1227
3866
1300
776
2519
709
359
4634
1387
4813
3707
3987
2223
3399
1302
1489
1470
3178
565
474
111
2227
3760
1497
1916
542
4786
1389
2849
3755
2946
285
4346
2696
631
170
4520
2372
3645
4290
2880
1398
315
1080
3023
396
1199
2356
3527
922
2489
3722
2168
4222
762
2009
4389
3456
4491
813
3076
1335
2591
3422
1341
338
637
567
807
4117
187
663
1117
2209
1106
1905
2488
23
1886
1397
2219
4069
4569
475
845
4210
2830
3205
2944
4058
1251
906
4871
1436
2663
3
18
23
32
47
48
59
66
85
88
93
111
112
119
124
127
133
135
165
170
172
187
198
227
229
239
261
277
285
298
315
338
359
360
365
367
374
375
384
390
394
396
418
431
435
443
446
474
475
495
500
530
540
542
547
565
567
581
590
610
614
615
617
618
624
626
631
632
637
639
663
679
681
683
698
709
719
733
743
762
764
776
797
807
808
813
816
817
832
845
852
859
873
886
896
897
898
906
914
922
929
948
985
990
1001
1003
1027
1046
1050
1065
1071
1080
1106
1117
1127
1136
1138
1139
1142
1149
1174
1180
1186
1199
1215
1224
1227
1251
1263
1268
1299
1300
1302
1313
1320
1335
1341
1351
1358
1369
1382
1387
1389
1396
1397
1398
1403
1406
1426
1436
1438
1443
1450
1454
1468
1470
1484
1489
1497
1501
1513
1516
1527
1544
1545
1549
1561
1566
1586
1623
1625
1647
1648
1650
1659
1669
1671
1699
1700
1742
1743
1769
1770
1776
1784
1798
1805
1831
1836
1842
1846
1850
1869
1874
1885
1886
1895
1905
1908
1916
1925
1948
1949
1969
1986
2004
2007
2009
2011
2014
2038
2043
2079
2084
2090
2098
2120
2122
2129
2133
2143
2153
2168
2181
2188
2203
2207
2209
2212
2217
2219
2223
2227
2241
2242
2269
2312
2341
2342
2346
2347
2349
2356
2368
2372
2381
2389
2390
2396
2415
2417
2433
2434
2435
2450
2451
2468
2473
2486
2488
2489
2490
2492
2493
2519
2524
2539
2560
2572
2591
2592
2597
2608
2610
2616
2633
2635
2636
2638
2643
2663
2680
2696
2699
2712
2757
2772
2778
2792
2830
2849
2865
2868
2880
2890
2893
2894
2944
2946
2950
2954
2958
2959
2961
2970
2978
2979
2993
3005
3006
3022
3023
3029
3036
3042
3048
3051
3058
3076
3081
3085
3099
3102
3131
3137
3145
3148
3152
3153
3159
3165
3172
3178
3180
3183
3188
3205
3218
3219
3220
3227
3284
3286
3292
3300
3333
3344
3377
3381
3399
3422
3449
3456
3457
3479
3496
3508
3509
3512
3513
3515
3527
3539
3547
3552
3553
3558
3567
3585
3590
3598
3599
3602
3635
3645
3656
3680
3681
3707
3722
3724
3730
3736
3739
3755
3760
3800
3846
3855
3857
3861
3863
3866
3871
3884
3895
3904
3913
3919
3920
3927
3931
3937
3950
3955
3962
3977
3987
3991
4016
4018
4026
4030
4031
4044
4048
4058
4059
4061
4069
4073
4078
4080
4108
4117
4135
4166
4167
4183
4200
4210
4222
4230
4234
4238
4274
4290
4297
4329
4346
4356
4383
4389
4396
4399
4401
4412
4419
4428
4437
4438
4444
4455
4480
4491
4492
4498
4499
4520
4546
4556
4557
4561
4569
4587
4592
4602
4621
4628
4632
4634
4653
4656
4669
4700
4704
4714
4716
4723
4726
4739
4749
4765
4786
4813
4841
4857
4871
4898
4916
4922
4943
4951
4953
4962
4966
4968
4976
4980
4986
