4303
3290
1295
2146
3934
4760
500
4958
2352
1355
4835
105
1365
1457
4704
3552
1928
1528
4021
1758
4915
4814
1950
3938
2156
782
2449
2266
4142
2063
4429
942
13
3565
922
671
2600
4892
4022
3619
3446
1975
3713
1240
122
2338
1730
2551
3808
796
4837
4665
4503
895
563
513
4316
1829
3985
184
2340
4466
186
2014
3097
593
4708
1944
3300
4206
846
3055
2861
4504
259
858
4221
871
826
887
4667
2157
2687
715
4585
1812
1265
3613
3493
2388
4766
1539
1409
4282
1566
280
3602
938
536
527
1939
2713
82
4815
2201
2153
4511
3158
2047
759
2291
3534
3364
3152
3118
2017
345
4372
539
676
2092
4561
235
3449
4499
3214
4148
2658
1932
3558
3227
4300
2826
4129
4826
260
2040
4261
803
132
3530
3344
2346
2149
4841
1817
2973
1808
2858
784
3574
65
724
4672
2175
3638
2878
3847
2229
2595
4232
2845
707
2734
3951
4305
3456
1443
2411
1007
4568
368
3275
3618
4878
4911
876
1826
1628
4629
4706
1883
4486
3220
1244
4041
1364
2475
2137
3809
2455
1788
769
1833
1346
2003
3442
3986
1105
4174
2984
1639
1831
2451
4334
853
2334
2343
1647
3099
4635
2259
1211
4333
549
3007
3754
1926
1095
708
2243
2418
3190
1978
3699
2719
1076
941
1049
1012
4587
1217
2639
4422
3741
4393
236
3825
1884
2741
2176
3992
48
1561
3900
1803
1580
1594
4020
1448
1617
3352
1726
1253
1378
1306
2693
4346
4424
2989
2423
3489
4771
2351
2671
655
2013
1176
3418
2263
440
2877
4524
817
978
3510
1532
2768
1099
412
3704
4417
2821
393
3515
505
1328
934
1987
4389
4410
2815
4452
2123
4557
4246
103
1366
4644
3585
3542
4462
1786
2203
2753
1983
396
1687
4744
1850
1653
2560
3476
2704
2371
2638
3576
4645
1707
3805
63
3202
979
4891
1722
2798
2870
2863
3996
801
3451
2543
2350
958
3980
4717
2154
4931
555
660
1814
603
2507
1136
3061
2531
968
2738
491
2080
3635
3211
2510
1173
4621
4540
1697
1180
136
4101
353
2950
2033
1936
1970
3597
2035
3197
2245
4495
3390
3239
4479
1924
1593
1459
1376
2636
1857
3905
4978
1600
4014
430
2
3506
302
2072
1865
2583
3829
4723
617
1155
3242
8
312
4476
4132
1362
4514
1195
161
682
657
1417
2740
4632
394
4745
3036
338
2999
2666
4914
2906
3708
1342
1264
3034
1612
156
1555
1519
1214
4374
2696
4143
937
2797
151
53
3887
2376
2496
3017
3440
1893
4643
1683
1139
2503
4088
831
4149
34
202
792
3302
2504
1576
10
3486
261
4036
4080
4168
2254
3564
3622
3855
4441
1864
1648
2069
953
189
1285
344
2721
2030
2360
1161
3494
1206
4401
4770
240
4059
4224
4959
2915
2231
4952
4992
829
896
208
3024
1535
1649
3263
4160
1462
2491
502
1276
4565
4811
3457
3709
3066
364
1876
2552
254
221
3535
3513
1113
4624
1982
2817
3079
1152
1233
848
407
3797
731
2840
1710
2592
187
1449
1479
1210
945
481
3866
4448
2349
2197
2569
3226
600
3183
4950
335
1016
1960
827
413
4329
2088
2165
1775
2345
1130
2890
1373
4384
3056
1248
1175
730
1167
2232
47
2872
658
2167
2437
4069
4284
3569
1196
1119
2601
2105
4790
4546
3778
101
4130
4595
3516
2479
3269
2755
1225
722
237
4394
1126
1756
2145
2969
1300
422
2305
1899
1391
1956
3924
2278
2379
3297
453
3320
3367
1900
4617
1577
1005
3023
3173
3928
4078
3946
1030
4536
1794
3029
2148
3852
3131
1877
3398
1902
1397
4497
2341
2513
890
2695
4552
4018
4296
973
3383
4255
2766
3794
1428
1140
2282
197
1445
4385
4105
3347
1546
4769
4975
2445
1732
153
3191
2235
3148
3399
1468
1916
3382
4066
43
1772
309
4574
2895
2011
3849
1598
4432
4283
1317
1361
1703
951
2359
2136
4924
4352
3114
428
3092
2355
4366
538
4038
3877
1059
468
4397
3085
4034
4213
1399
1283
3177
2747
4294
3469
3523
4044
2860
1801
1583
3176
388
434
4598
99
4000
4521
3057
1551
66
1492
21
4188
2771
3512
3330
359
370
4163
424
530
2942
4093
4531
16
1111
2613
4450
3287
3820
4702
3154
748
2914
1966
2225
6
2056
4370
939
2103
3612
1894
405
4444
1811
2820
316
3466
2230
4119
699
808
4990
995
2832
3844
3610
3994
1686
3919
4712
1914
1644
3751
946
2311
4989
3065
498
4238
3835
3838
1581
243
510
3130
629
3723
231
2344
1651
2391
2909
2923
1279
4609
2931
2938
56
4894
3658
4330
436
728
4493
1878
4161
690
1088
3342
1635
36
2487
4678
3605
2055
4270
4705
4060
4494
4068
4873
4492
3313
3691
4115
2970
2387
4016
3556
4090
3475
1880
2897
438
4340
2523
2579
3957
2417
4040
3322
3304
1779
321
183
4872
3525
4361
4747
765
2053
2604
4519
4867
531
1948
3959
998
2925
654
1266
1695
4849
2686
952
2402
1670
2258
1728
1706
2778
1557
2883
1738
4125
2769
4909
4718
879
543
1789
3898
2676
3776
679
3120
1938
1626
2794
1866
4057
3492
4886
1352
3274
290
234
2732
4688
4083
757
1711
2416
3502
2521
467
580
3308
442
256
1994
4922
4669
3822
49
4102
2280
2049
1781
2078
2567
2473
326
1665
3501
304
3105
3628
559
417
3199
4287
2983
311
2262
4779
3443
4742
115
2168
2057
751
4986
4570
909
2463
2433
4420
4276
2369
702
2129
900
297
1843
921
2515
1414
3729
642
1034
1260
3965
878
216
3082
1201
380
3200
990
4537
4347
4470
3027
585
3692
3865
3786
3124
4967
2307
61
3032
2285
2827
223
4816
244
2213
4520
2289
1410
2392
4865
785
2140
3657
1765
1281
2301
2024
3490
4045
3616
861
1400
1466
1430
2410
2
6
8
10
13
16
21
34
36
43
47
48
49
53
56
61
63
65
66
82
99
101
103
105
115
122
132
136
151
153
156
161
183
184
186
187
189
197
202
208
216
221
223
231
234
235
236
237
240
243
244
254
256
259
260
261
280
290
297
302
304
309
311
312
316
321
326
335
338
344
345
353
359
364
368
370
380
388
393
394
396
405
407
412
413
417
422
424
428
430
434
436
438
440
442
453
467
468
481
491
498
500
502
505
510
513
527
530
531
536
538
539
543
549
555
559
563
580
585
593
600
603
617
629
642
654
655
657
658
660
671
676
679
682
690
699
702
707
708
715
722
724
728
730
731
748
751
757
759
765
769
782
784
785
792
796
801
803
808
817
826
827
829
831
846
848
853
858
861
871
876
878
879
887
890
895
896
900
909
921
922
934
937
938
939
941
942
945
946
951
952
953
958
968
973
978
979
990
995
998
1005
1007
1012
1016
1030
1034
1049
1059
1076
1088
1095
1099
1105
1111
1113
1119
1126
1130
1136
1139
1140
1152
1155
1161
1167
1173
1175
1176
1180
1195
1196
1201
1206
1210
1211
1214
1217
1225
1233
1240
1244
1248
1253
1260
1264
1265
1266
1276
1279
1281
1283
1285
1295
1300
1306
1317
1328
1342
1346
1352
1355
1361
1362
1364
1365
1366
1373
1376
1378
1391
1397
1399
1400
1409
1410
1414
1417
1428
1430
1443
1445
1448
1449
1457
1459
1462
1466
1468
1479
1492
1519
1528
1532
1535
1539
1546
1551
1555
1557
1561
1566
1576
1577
1580
1581
1583
1593
1594
1598
1600
1612
1617
1626
1628
1635
1639
1644
1647
1648
1649
1651
1653
1665
1670
1683
1686
1687
1695
1697
1703
1706
1707
1710
1711
1722
1726
1728
1730
1732
1738
1756
1758
1765
1772
1775
1779
1781
1786
1788
1789
1794
1801
1803
1808
1811
1812
1814
1817
1826
1829
1831
1833
1843
1850
1857
1864
1865
1866
1876
1877
1878
1880
1883
1884
1893
1894
1899
1900
1902
1914
1916
1924
1926
1928
1932
1936
1938
1939
1944
1948
1950
1956
1960
1966
1970
1975
1978
1982
1983
1987
1994
2003
2011
2013
2014
2017
2024
2030
2033
2035
2040
2047
2049
2053
2055
2056
2057
2063
2069
2072
2078
2080
2088
2092
2103
2105
2123
2129
2136
2137
2140
2145
2146
2148
2149
2153
2154
2156
2157
2165
2167
2168
2175
2176
2197
2201
2203
2213
2225
2229
2230
2231
2232
2235
2243
2245
2254
2258
2259
2262
2263
2266
2278
2280
2282
2285
2289
2291
2301
2305
2307
2311
2334
2338
2340
2341
2343
2344
2345
2346
2349
2350
2351
2352
2355
2359
2360
2369
2371
2376
2379
2387
2388
2391
2392
2402
2410
2411
2416
2417
2418
2423
2433
2437
2445
2449
2451
2455
2463
2473
2475
2479
2487
2491
2496
2503
2504
2507
2510
2513
2515
2521
2523
2531
2543
2551
2552
2560
2567
2569
2579
2583
2592
2595
2600
2601
2604
2613
2636
2638
2639
2658
2666
2671
2676
2686
2687
2693
2695
2696
2704
2713
2719
2721
2732
2734
2738
2740
2741
2747
2753
2755
2766
2768
2769
2771
2778
2794
2797
2798
2815
2817
2820
2821
2826
2827
2832
2840
2845
2858
2860
2861
2863
2870
2872
2877
2878
2883
2890
2895
2897
2906
2909
2914
2915
2923
2925
2931
2938
2942
2950
2969
2970
2973
2983
2984
2989
2999
3007
3017
3023
3024
3027
3029
3032
3034
3036
3055
3056
3057
3061
3065
3066
3079
3082
3085
3092
3097
3099
3105
3114
3118
3120
3124
3130
3131
3148
3152
3154
3158
3173
3176
3177
3183
3190
3191
3197
3199
3200
3202
3211
3214
3220
3226
3227
3239
3242
3263
3269
3274
3275
3287
3290
3297
3300
3302
3304
3308
3313
3320
3322
3330
3342
3344
3347
3352
3364
3367
3382
3383
3390
3398
3399
3418
3440
3442
3443
3446
3449
3451
3456
3457
3466
3469
3475
3476
3486
3489
3490
3492
3493
3494
3501
3502
3506
3510
3512
3513
3515
3516
3523
3525
3530
3534
3535
3542
3552
3556
3558
3564
3565
3569
3574
3576
3585
3597
3602
3605
3610
3612
3613
3616
3618
3619
3622
3628
3635
3638
3657
3658
3691
3692
3699
3704
3708
3709
3713
3723
3729
3741
3751
3754
3776
3778
3786
3794
3797
3805
3808
3809
3820
3822
3825
3829
3835
3838
3844
3847
3849
3852
3855
3865
3866
3877
3887
3898
3900
3905
3919
3924
3928
3934
3938
3946
3951
3957
3959
3965
3980
3985
3986
3992
3994
3996
4000
4014
4016
4018
4020
4021
4022
4034
4036
4038
4040
4041
4044
4045
4057
4059
4060
4066
4068
4069
4078
4080
4083
4088
4090
4093
4101
4102
4105
4115
4119
4125
4129
4130
4132
4142
4143
4148
4149
4160
4161
4163
4168
4174
4188
4206
4213
4221
4224
4232
4238
4246
4255
4261
4270
4276
4282
4283
4284
4287
4294
4296
4300
4303
4305
4316
4329
4330
4333
4334
4340
4346
4347
4352
4361
4366
4370
4372
4374
4384
4385
4389
4393
4394
4397
4401
4410
4417
4420
4422
4424
4429
4432
4441
4444
4448
4450
4452
4462
4466
4470
4476
4479
4486
4492
4493
4494
4495
4497
4499
4503
4504
4511
4514
4519
4520
4521
4524
4531
4536
4537
4540
4546
4552
4557
4561
4565
4568
4570
4574
4585
4587
4595
4598
4609
4617
4621
4624
4629
4632
4635
4643
4644
4645
4665
4667
4669
4672
4678
4688
4702
4704
4705
4706
4708
4712
4717
4718
4723
4742
4744
4745
4747
4760
4766
4769
4770
4771
4779
4790
4811
4814
4815
4816
4826
4835
4837
4841
4849
4865
4867
4872
4873
4878
4886
4891
4892
4894
4909
4911
4914
4915
4922
4924
4931
4950
4952
4958
4959
4967
4975
4978
4986
4989
4990
4992
