0
2
13
15
19
22
23
29
33
37
38
39
42
45
47
56
65
68
72
74
78
85
87
88
93
96
100
101
105
107
111
112
115
120
125
129
130
131
134
139
143
145
146
147
154
162
164
167
169
172
173
174
179
189
194
196
198
209
210
213
214
216
217
218
221
225
232
237
241
242
244
246
247
250
251
257
258
267
268
273
275
282
293
297
299
307
308
309
311
315
321
327
332
336
348
350
352
355
358
362
363
364
365
367
371
375
380
383
386
387
388
390
393
395
398
402
404
408
413
416
418
423
424
427
430
434
435
444
449
450
453
455
457
461
462
467
471
478
479
482
486
490
495
496
500
507
508
509
511
521
524
526
527
528
530
532
534
543
547
548
549
554
555
558
560
562
568
571
574
575
576
578
580
590
591
597
599
602
608
614
618
622
625
635
636
639
640
643
644
646
647
648
656
659
661
662
670
671
672
673
674
675
679
684
688
695
697
698
699
703
705
709
717
721
722
726
739
741
742
753
760
761
764
766
767
768
771
772
773
786
789
796
797
802
804
805
806
814
817
825
830
837
846
851
853
854
858
859
862
866
867
868
869
875
876
878
880
882
884
891
892
893
897
898
900
901
903
904
907
909
910
914
915
919
922
924
925
927
930
931
933
941
942
946
947
950
956
959
965
975
977
978
979
981
982
983
986
990
994
997
1008
1010
1011
1012
1014
1016
1020
1025
1026
1030
1038
1041
1044
1046
1047
1050
1055
1061
1063
1064
1067
1068
1070
1071
1073
1087
1095
1098
1103
1105
1108
1116
1120
1121
1124
1127
1128
1134
1135
1136
1140
1143
1144
1145
1146
1150
1151
1157
1162
1166
1169
1172
1178
1180
1181
1185
1186
1188
1189
1195
1196
1200
1201
1204
1209
1212
1217
1218
1221
1227
1230
1231
1234
1244
1246
1247
1254
1256
1259
1262
1264
1267
1271
1274
1284
1286
1294
1297
1298
1299
1305
1310
1312
1313
1317
1318
1322
1323
1333
1342
1346
1358
1359
1368
1372
1374
1376
1382
1383
1385
1386
1387
1388
1408
1409
1411
1415
1419
1426
1427
1434
1437
1442
1446
1447
1449
1451
1454
1455
1456
1460
1465
1467
1469
1478
1487
1491
1493
1496
1498
1503
1506
1508
1509
1510
1514
1520
1527
1529
1530
1532
1534
1542
1543
1546
1547
1562
1564
1569
1573
1575
1576
1580
1583
1585
1588
1589
1592
1594
1597
1598
1604
1605
1607
1624
1632
1633
1635
1637
1640
1641
1648
1652
1654
1657
1658
1659
1661
1663
1677
1679
1681
1686
1689
1690
1695
1696
1699
1701
1703
1708
1710
1715
1716
1719
1720
1722
1723
1726
1734
1744
1751
1752
1756
1759
1763
1765
1766
1773
1774
1781
1782
1785
1786
1788
1792
1793
1804
1808
1810
1812
1814
1817
1820
1822
1824
1825
1835
1840
1844
1850
1857
1861
1863
1865
1866
1867
1874
1882
1883
1892
1894
1895
1896
1900
1906
1907
1908
1909
1912
1913
1914
1917
1918
1922
1926
1928
1930
1937
1940
1943
1951
1963
1965
1967
1970
1972
1974
1979
1984
1985
1994
1997
1998
2000
2001
2004
2005
2006
2023
2026
2028
2033
2038
2041
2042
2046
2051
2055
2062
2064
2066
2071
2073
2074
2077
2079
2082
2083
2085
2088
2089
2091
2093
2096
2103
2104
2106
2111
2112
2116
2118
2128
2130
2134
2135
2136
2138
2139
2152
2155
2159
2162
2170
2172
2173
2175
2177
2183
2186
2191
2196
2209
2212
2216
2217
2222
2225
2226
2229
2230
2231
2233
2236
2238
2239
2252
2253
2259
2266
2271
2272
2275
2283
2286
2287
2293
2294
2295
2297
2299
2315
2316
2317
2318
2319
2321
2325
2328
2331
2333
2341
2342
2343
2348
2352
2358
2361
2362
2363
2365
2373
2375
2376
2383
2387
2389
2391
2395
2405
2410
2412
2413
2416
2417
2422
2436
2437
2438
2441
2448
2450
2451
2453
2456
2457
2459
2465
2473
2477
2479
2483
2485
2492
2498
2500
2501
2502
2503
2508
2509
2511
2513
2514
2516
2518
2520
2521
2527
2529
2532
2534
2538
2543
2548
2552
2553
2556
2559
2563
2566
2567
2574
2578
2581
2584
2589
2595
2596
2598
2599
2600
2606
2613
2614
2616
2617
2620
2631
2632
2633
2636
2639
2642
2646
2648
2650
2653
2659
2666
2670
2673
2675
2679
2681
2682
2684
2686
2690
2698
2704
2706
2707
2711
2717
2719
2721
2727
2731
2734
2737
2739
2741
2744
2752
2754
2758
2761
2762
2763
2764
2766
2767
2770
2772
2774
2777
2779
2785
2788
2797
2798
2799
2801
2802
2804
2805
2807
2808
2809
2810
2812
2815
2816
2817
2820
2821
2827
2839
2858
2868
2872
2885
2886
2887
2892
2893
2894
2897
2900
2901
2902
2906
2907
2915
2916
2917
2921
2930
2935
2938
2941
2944
2945
2948
2956
2966
2969
2971
2975
2976
2977
2978
2986
2987
2989
2991
2996
2997
2998
2999
3010
3015
3016
3018
3026
3028
3031
3033
3034
3040
3043
3045
3051
3059
3064
3066
3067
3073
3074
3077
3078
3085
3090
3095
3099
3100
3101
3102
3105
3108
3109
3118
3119
3124
3131
3132
3141
3143
3147
3150
3162
3163
3164
3165
3167
3172
3173
3185
3192
3204
3205
3207
3209
3210
3211
3226
3227
3230
3234
3235
3240
3241
3243
3246
3255
3258
3262
3264
3266
3267
3269
3274
3277
3289
3291
3292
3293
3294
3297
3299
3301
3302
3308
3309
3314
3315
3319
3320
3321
3323
3324
3328
3330
3331
3335
3338
3340
3345
3346
3352
3356
3357
3360
3364
3367
3375
3376
3383
3385
3387
3389
3393
3397
3398
3400
3402
3404
3406
3408
3414
3420
3421
3422
3425
3426
3427
3429
3431
3436
3437
3440
3445
3448
3449
3450
3451
3456
3464
3465
3466
3468
3473
3474
3477
3481
3493
3496
3502
3509
3513
3523
3526
3530
3535
3545
3546
3549
3554
3557
3561
3564
3565
3567
3569
3570
3571
3573
3574
3578
3581
3588
3589
3592
3597
3604
3606
3610
3613
3617
3620
3621
3623
3625
3627
3632
3637
3638
3643
3644
3649
3651
3654
3659
3661
3662
3663
3665
3671
3678
3681
3687
3693
3696
3697
3701
3709
3710
3717
3719
3725
3727
3732
3741
3745
3750
3751
3756
3763
3764
3766
3768
3770
3772
3774
3776
3782
3784
3785
3787
3788
3790
3791
3797
3804
3806
3810
3811
3813
3814
3815
3818
3820
3823
3829
3830
3833
3835
3836
3837
3838
3840
3842
3844
3848
3849
3852
3853
3855
3857
3863
3866
3868
3869
3872
3873
3874
3875
3878
3880
3884
3885
3888
3895
3907
3908
3910
3917
3924
3934
3938
3941
3944
3955
3960
3961
3964
3967
3969
3973
3974
3977
3978
3979
3989
3998
4004
4006
4007
4010
4011
4020
4024
4028
4030
4031
4033
4037
4043
4045
4046
4048
4049
4053
4057
4063
4071
4075
4079
4081
4083
4085
4089
4097
4105
4106
4108
4115
4116
4117
4118
4119
4123
4139
4142
4145
4148
4149
4151
4155
4157
4158
4159
4160
4166
4176
4179
4180
4182
4183
4187
4188
4190
4191
4193
4195
4198
4202
4205
4210
4211
4215
4217
4218
4222
4224
4227
4231
4232
4234
4237
4246
4248
4261
4263
4266
4268
4269
4270
4271
4272
4273
4274
4276
4278
4285
4286
4287
4288
4289
4291
4292
4294
4298
4300
4303
4306
4308
4326
4327
4328
4331
4338
4341
4342
4348
4349
4350
4351
4361
4366
4368
4369
4374
4378
4382
4384
4385
4389
4391
4394
4395
4397
4398
4405
4406
4408
4411
4412
4416
4418
4423
4425
4428
4434
4435
4438
4444
4447
4449
4451
4454
4457
4458
4464
4465
4466
4467
4469
4471
4480
4485
4489
4490
4492
4494
4498
4500
4501
4504
4508
4512
4515
4519
4524
4530
4537
4538
4542
4544
4545
4546
4548
4551
4553
4558
4560
4563
4564
4565
4566
4570
4577
4579
4580
4584
4586
4588
4589
4590
4591
4593
4596
4602
4606
4608
4613
4619
4622
4631
4635
4636
4638
4640
4643
4645
4647
4648
4649
4651
4652
4653
4657
4659
4660
4664
4667
4668
4671
4675
4679
4680
4681
4682
4683
4684
4687
4688
4690
4691
4692
4693
4695
4702
4703
4717
4721
4722
4724
4730
4734
4736
4751
4758
4759
4760
4761
4764
4770
4775
4776
4777
4785
4794
4795
4798
4801
4807
4809
4811
4815
4817
4818
4822
4831
4837
4838
4842
4844
4847
4848
4850
4851
4856
4859
4860
4864
4867
4872
4876
4883
4885
4888
4892
4895
4898
4903
4904
4906
4910
4911
4916
4919
4923
4928
4931
4932
4934
4938
4941
4945
4950
4958
4963
4966
4970
4971
4972
4974
4975
4976
4978
4982
4983
4984
4986
4987
4989
4995
4998
1534
2606
597
3570
578
574
147
3885
2082
3067
521
2598
2287
1011
258
2492
648
709
3015
1121
3766
1442
3564
580
3569
2317
1120
1657
2483
4684
162
804
1264
4031
23
4809
4045
172
1894
1527
3770
2498
3207
427
2975
4530
1256
3565
308
956
814
3818
4211
3741
398
1564
4693
1157
868
636
3592
3969
3269
2810
2318
3678
2456
1064
3292
107
3838
4916
3301
802
4690
1063
2717
858
3727
2177
1701
3557
3842
2516
981
4975
1866
4089
3998
3815
3835
1909
4328
997
471
47
1267
1715
2916
882
3784
1792
789
1254
4966
1588
2283
919
3960
1759
3375
4608
2297
179
4273
1681
817
2589
4398
1605
4348
4085
3340
327
1576
3141
4361
3100
1598
4217
761
4466
2770
4268
3077
2328
1580
4033
2938
434
4579
3785
4382
2259
4471
1719
3227
96
946
2319
4681
3787
986
4425
4986
1434
4500
482
3477
4702
1648
3425
4818
2172
4193
900
2679
979
1383
3026
1979
2509
2451
1624
549
4798
975
2584
2441
2331
4688
990
4232
2754
4515
2295
3040
532
3034
3756
4648
2599
602
4982
362
3974
1359
2711
4374
2921
1597
1286
3360
3662
4291
3836
1604
2997
1305
3868
4978
1773
4659
3627
4198
2948
4266
1883
3833
2807
2062
1469
1908
2212
267
1984
3173
2410
2226
4465
2196
1447
88
1689
2976
3402
4412
3848
703
947
3814
2897
837
3422
1449
656
2996
2225
4108
311
4351
2422
3427
194
4564
1169
387
2642
189
4408
4660
1907
1850
764
3474
1663
500
959
39
4668
4558
3907
3172
869
3367
4037
2991
4640
1313
1817
3165
462
4983
1752
3466
1014
1020
1493
2511
139
4338
3502
2785
4049
2116
1318
3108
2361
1426
3226
4649
3185
767
257
3105
1716
4458
635
3989
2417
4593
3291
3620
1874
3768
4438
2514
332
293
2236
1607
1284
2706
4270
1008
4276
3840
3725
1358
1055
3884
4850
4227
115
2222
4271
4097
878
1937
2106
3330
3878
2633
2155
1038
3109
2758
1382
4904
3509
3258
1994
1372
4777
2104
2779
1970
496
3293
625
2333
4155
2578
4903
241
4292
225
146
2798
2999
2028
4963
4288
4859
3420
1185
1374
2266
3320
673
4664
3567
4106
19
2527
4081
3665
2930
4467
982
221
2761
2286
2175
3979
1068
854
336
4717
846
1388
3078
3345
688
1722
4159
1562
2681
933
1026
1047
2508
2
4945
830
1594
4679
4645
1144
4932
825
2737
216
1437
3323
2567
3085
3610
4565
1640
1824
2111
1766
4489
4237
2448
4941
2071
1508
2788
1108
72
173
213
1231
3924
237
453
196
4053
3143
2563
275
576
4030
350
1087
4057
3875
4501
1456
2858
1514
3774
4667
4490
78
4537
3324
3328
209
1212
1546
2956
3908
4734
1569
3632
4405
1310
4801
1822
3866
2230
2343
352
4776
659
3813
100
131
3451
4837
2772
3732
315
3638
2363
2130
4287
2998
1863
4182
914
3589
3414
2093
3621
4906
3764
671
4451
3028
4606
644
1765
2808
950
4619
1585
2453
796
4545
760
2529
2077
4958
3934
4176
1865
1793
786
3750
3852
68
3147
1491
2321
3617
875
4046
4560
1041
4938
2294
2945
643
2112
3573
3829
2518
599
2275
1520
2325
3192
2893
3857
3701
1510
1917
4272
2816
2777
4923
543
1882
2534
3426
1812
4024
268
1972
1298
0
4263
1696
4831
1756
2091
3696
1209
4934
2556
3709
1136
4563
449
1221
2614
922
4898
423
805
897
2473
1105
2436
4215
4553
2616
15
554
2139
1690
3663
22
4115
2817
508
4971
4119
3823
1896
2152
1575
4551
4692
1259
3302
4105
3294
2416
3167
3045
3654
4974
2892
2574
375
3387
2935
1900
941
4492
1134
2804
614
3059
2799
2042
2659
3623
1547
891
915
806
2827
1181
4048
1892
1726
4278
4950
3671
4261
2617
2802
3681
3804
1446
74
2079
1128
3211
3797
1804
3440
4635
2670
4298
457
4860
1844
1294
4683
348
1930
2989
4269
4428
741
217
4043
4758
1025
1188
4010
773
1963
699
3297
435
3820
2682
1913
3267
1227
4987
1928
721
4158
3941
2872
1487
3095
1098
4811
2413
424
4682
1543
1940
2026
3546
722
29
2675
4995
528
2774
3581
3309
2503
2797
1016
1195
1419
3806
1299
3574
2362
4911
416
4079
2969
1103
4385
1840
2900
674
2941
3967
2906
2543
4180
2581
2134
358
670
1172
3597
4751
4179
4795
4117
2191
4116
2159
1247
3437
2216
4447
558
4294
2055
1180
371
4675
4883
3613
797
3888
1677
4369
3356
2485
2620
1297
2395
3853
3493
2648
1506
3530
3132
898
4589
4148
4498
1127
4195
1385
1217
3788
4643
486
495
1781
3496
4653
4680
4411
866
3837
3448
1044
679
2046
2596
65
2085
4327
3849
527
4007
3074
3955
3066
3978
4842
2074
120
4512
4724
56
1763
4596
1867
1368
3526
4160
38
2707
2438
367
2231
85
1271
2520
3321
3964
524
4306
2358
174
4730
4303
3397
2739
3102
2041
1323
1861
661
3661
2744
4485
3319
4613
1641
893
942
555
4548
3873
2387
2501
3481
1744
3606
2986
4300
2239
1774
2502
705
4123
2801
1967
2636
3164
3895
1820
3119
2103
1926
1786
3240
3523
3791
2293
2987
909
2389
901
4342
1030
4004
4326
4406
907
3450
1342
13
1095
404
3578
2894
3266
3513
3719
408
3973
2457
4157
143
507
4822
2209
364
4542
2839
2734
1478
2088
3064
3274
214
244
4972
3869
393
2978
4063
3315
4504
640
4389
390
4395
2170
1145
1061
169
2631
2764
2066
1918
4188
42
1509
4695
1659
1067
977
2809
994
4285
4764
2135
3944
1116
4449
4350
3445
742
753
4970
3571
4391
2405
1686
321
3385
4480
571
608
526
1810
3545
4234
455
2613
450
1143
4570
4308
3357
2762
2646
931
4538
3383
3376
2548
675
2977
3644
1244
2767
3874
1906
4464
884
1943
2666
2437
4895
3235
251
1782
1467
4588
4984
1679
3118
4071
2600
1234
4760
4636
647
3811
1201
4580
1652
363
3150
4331
154
930
1178
1460
112
646
3031
4183
3162
1427
93
1322
3210
45
978
2887
3687
3262
3961
3404
695
2639
2971
1951
2595
4224
771
1455
1312
3099
413
247
3549
3429
1998
1658
4011
2704
2365
87
3398
4222
4851
1695
1409
3782
3468
3456
1633
3561
2348
2566
4006
2373
4848
4075
4384
4856
386
1532
3043
530
575
4770
3010
4508
1592
2299
4761
1124
4759
1751
1246
1204
1189
853
3554
388
479
1703
4591
3844
2341
4785
3436
2001
924
2902
1857
4703
2552
548
1808
4931
3408
2089
4888
2450
3697
4736
2812
4687
2815
4590
478
3101
3124
1542
1200
3205
1465
1071
3863
4218
2004
2477
622
4721
2412
164
2033
2465
4145
717
4149
2553
4139
3717
4566
3872
3464
1825
4847
3535
1387
3352
1530
1317
4892
4416
2821
297
2479
4341
739
1186
4494
4775
1346
3289
2513
1140
105
1218
3163
4844
4647
3710
3230
684
2083
4876
307
4349
1583
1985
4919
467
1965
2064
1012
768
430
965
4378
3331
2684
3421
2073
1411
198
3637
1151
3308
2521
3790
1814
4246
2719
3880
2907
4248
246
3393
3131
101
3810
1408
111
639
4397
395
1589
547
3938
3659
698
4444
4202
402
3917
876
2000
2766
1162
859
2217
2391
3389
2051
355
1415
3051
4469
250
2136
534
4190
772
4622
3204
2128
2038
1720
3772
2186
4638
1196
2868
1785
4418
726
33
983
1146
3431
509
4083
2118
4166
511
2763
4394
4998
2183
4289
1046
210
1376
1710
1723
1496
4519
3073
3473
2698
2315
2138
4028
3234
4631
2731
4457
444
904
4020
3246
4602
3338
1895
3018
1734
2966
697
4652
2538
2272
2459
4434
2741
2944
1451
4657
1661
2229
4187
591
590
37
4435
2352
4546
232
2383
1699
3745
418
4671
4885
880
2632
1912
3588
3604
1010
490
2253
167
2252
1454
4976
4544
1997
4151
383
1708
3033
2820
2342
1498
568
3910
365
867
3449
1274
4454
145
3243
1230
461
3299
2532
4872
4794
2686
4368
125
3090
1333
2885
3651
4867
2727
3465
4864
2316
4577
4651
1637
3693
618
2559
562
273
1503
2886
1262
218
4423
662
927
309
4286
1635
2653
925
3016
3649
2673
2006
4807
3855
380
4910
4205
2901
4231
2173
1835
4584
3314
1070
2690
3763
910
4524
1529
4586
2271
3776
1386
3751
242
299
3241
3400
3625
130
4815
3346
851
4191
3335
3264
3255
4989
903
892
4722
4118
560
4691
282
129
3364
2238
3406
1788
766
2721
134
1150
4817
2752
1974
2233
3977
3643
1135
672
1632
4366
1914
2096
2023
4928
4838
4274
4210
1166
1050
3277
2376
2005
2162
2375
3209
1073
2917
2650
2915
2805
1573
2500
3830
4142
1654
1922
862
