6
11
23
24
27
31
39
51
59
60
63
68
70
71
77
82
86
87
91
92
97
98
99
105
111
127
132
145
148
152
166
170
180
181
182
185
189
190
191
192
202
209
211
225
229
236
246
250
256
266
269
278
281
284
287
290
292
295
296
297
308
311
314
317
322
331
342
354
358
359
361
365
370
372
377
381
394
405
407
411
413
423
425
443
450
464
468
469
470
473
480
484
487
489
495
496
518
521
523
526
532
536
545
550
551
556
566
577
579
582
586
587
589
590
592
606
611
618
628
631
632
636
645
649
652
657
669
676
677
678
679
680
684
695
711
721
739
741
747
748
749
752
753
758
759
761
768
770
775
779
789
805
807
809
815
817
830
836
838
841
849
855
856
861
865
866
868
875
881
893
895
896
898
899
900
909
931
939
948
950
952
955
956
957
958
961
962
966
968
974
979
988
989
991
992
996
1001
1008
1019
1027
1030
1031
1032
1036
1041
1043
1049
1051
1054
1055
1061
1065
1066
1071
1076
1077
1078
1084
1085
1086
1089
1091
1092
1095
1098
1105
1107
1115
1120
1123
1135
1159
1161
1162
1163
1164
1170
1176
1178
1180
1183
1185
1186
1196
1197
1213
1215
1222
1224
1226
1227
1229
1233
1237
1238
1240
1248
1271
1272
1273
1274
1275
1277
1281
1289
1293
1295
1307
1312
1322
1329
1335
1340
1348
1350
1353
1354
1357
1362
1372
1381
1382
1384
1386
1406
1409
1412
1420
1421
1423
1428
1430
1432
1433
1434
1438
1442
1445
1459
1473
1480
1483
1485
1491
1492
1493
1498
1499
1507
1509
1522
1524
1525
1529
1540
1542
1544
1555
1557
1561
1563
1564
1571
1572
1576
1579
1590
1591
1592
1594
1599
1613
1618
1622
1624
1630
1634
1636
1641
1644
1653
1657
1658
1670
1675
1680
1700
1707
1710
1718
1719
1721
1725
1728
1730
1733
1739
1741
1746
1749
1755
1758
1759
1760
1761
1763
1766
1772
1775
1782
1783
1785
1793
1801
1802
1809
1811
1816
1817
1818
1822
1827
1828
1832
1845
1847
1854
1869
1874
1876
1881
1883
1887
1893
1895
1900
1901
1907
1915
1920
1933
1935
1936
1940
1943
1970
1978
1988
1989
1992
1994
2009
2011
2020
2022
2026
2027
2040
2046
2048
2051
2056
2064
2065
2069
2071
2075
2077
2083
2089
2091
2096
2101
2110
2111
2113
2115
2116
2117
2119
2124
2126
2129
2132
2135
2139
2151
2157
2159
2162
2165
2166
2175
2176
2178
2184
2185
2190
2202
2206
2207
2212
2213
2219
2221
2222
2227
2228
2235
2238
2244
2247
2248
2255
2258
2262
2264
2269
2274
2281
2284
2287
2291
2294
2296
2297
2300
2304
2312
2313
2317
2324
2326
2335
2336
2342
2343
2346
2347
2349
2354
2362
2365
2367
2369
2384
2385
2391
2394
2398
2413
2422
2423
2425
2429
2435
2438
2461
2468
2471
2481
2485
2486
2492
2495
2498
2506
2515
2521
2542
2551
2552
2553
2559
2561
2565
2566
2579
2585
2589
2593
2599
2603
2605
2608
2609
2613
2622
2628
2633
2642
2645
2647
2652
2653
2658
2661
2665
2668
2671
2673
2674
2684
2702
2707
2716
2720
2724
2728
2731
2746
2750
2751
2753
2782
2789
2795
2802
2804
2809
2829
2830
2832
2848
2856
2857
2867
2869
2876
2877
2879
2886
2897
2906
2907
2911
2912
2913
2914
2922
2924
2925
2929
2939
2940
2943
2944
2949
2956
2962
2965
2970
2971
2972
2974
2976
2991
2994
2995
2996
2999
3000
3002
3003
3008
3011
3013
3016
3021
3022
3025
3028
3034
3045
3048
3053
3064
3070
3072
3078
3079
3082
3097
3101
3102
3108
3113
3117
3125
3140
3141
3143
3144
3145
3149
3159
3173
3181
3185
3189
3195
3196
3202
3210
3211
3212
3213
3220
3226
3235
3241
3247
3254
3259
3267
3272
3273
3274
3275
3276
3278
3291
3299
3302
3304
3307
3308
3315
3318
3327
3329
3330
3336
3346
3357
3371
3374
3379
3393
3398
3399
3402
3413
3419
3426
3427
3428
3430
3434
3446
3453
3463
3469
3478
3480
3482
3485
3487
3488
3498
3502
3511
3515
3521
3530
3535
3546
3547
3565
3571
3577
3596
3599
3604
3605
3613
3614
3619
3625
3626
3635
3643
3644
3650
3654
3658
3661
3665
3674
3682
3686
3687
3703
3710
3714
3719
3723
3729
3731
3736
3738
3746
3753
3755
3761
3765
3770
3775
3782
3801
3804
3814
3816
3820
3829
3834
3841
3850
3857
3858
3860
3880
3883
3897
3916
3919
3925
3932
3933
3940
3941
3958
3964
3965
3982
3984
3988
3990
3994
3995
3998
4001
4008
4012
4021
4025
4026
4027
4030
4039
4042
4043
4049
4052
4060
4063
4065
4071
4075
4077
4080
4081
4090
4094
4103
4108
4115
4118
4119
4120
4121
4127
4129
4140
4154
4158
4159
4161
4166
4167
4179
4185
4201
4204
4205
4208
4210
4214
4233
4237
4238
4239
4249
4251
4253
4261
4264
4267
4278
4281
4283
4296
4298
4307
4311
4313
4314
4331
4334
4348
4354
4356
4361
4362
4364
4370
4384
4388
4393
4396
4400
4401
4404
4408
4416
4429
4433
4441
4448
4449
4454
4488
4490
4493
4499
4505
4509
4510
4513
4516
4520
4523
4524
4537
4548
4551
4557
4558
4563
4567
4585
4590
4603
4612
4616
4617
4623
4624
4640
4643
4644
4645
4653
4661
4667
4669
4672
4675
4687
4697
4698
4713
4714
4720
4723
4732
4734
4738
4740
4741
4747
4748
4754
4762
4763
4768
4770
4775
4777
4781
4788
4797
4798
4809
4811
4814
4818
4819
4822
4829
4846
4850
4855
4862
4877
4880
4884
4888
4896
4908
4915
4916
4921
4931
4935
4941
4944
4948
4967
4972
4973
4975
4979
4990
4993
4997
5002
5004
5006
5012
5015
5019
5026
5030
5032
5040
5043
5046
5056
5058
5064
5066
5068
5074
5080
5083
5088
5095
5099
5105
5130
5147
5150
5154
5158
5171
5173
5180
5183
5186
5193
5203
5209
5220
5227
5230
5231
5235
5237
5238
5244
5245
5265
5266
5272
5273
5274
5282
5284
5285
5292
5294
5295
5297
5300
5303
5314
5319
5332
5333
5340
5342
5350
5351
5359
5366
5371
5372
5373
5379
5380
5381
5385
5388
5390
5394
5396
5405
5411
5416
5422
5423
5426
5431
5447
5454
5462
5464
5472
5476
5479
5483
5490
5491
5492
5498
5502
5505
5506
5508
5513
5516
5531
5537
5546
5549
5554
5555
5557
5562
5564
5567
5570
5574
5592
5593
5594
5604
5619
5622
5625
5636
5648
5653
5656
5664
5667
5668
5673
5676
5682
5685
5691
5703
5704
5705
5706
5714
5715
5716
5723
5728
5730
5731
5741
5746
5750
5751
5757
5764
5765
5768
5769
5774
5776
5779
5780
5790
5793
5798
5799
5803
5810
5816
5819
5822
5847
5849
5851
5854
5861
5865
5866
5870
5876
5889
5892
5898
5904
5905
5919
5923
5930
5931
5934
5938
5948
5952
5964
5973
5976
5983
5990
5994
5998
6000
6002
6016
6027
6029
6032
6033
6034
6036
6039
6061
6065
6072
6073
6080
6081
6084
6095
6097
6098
6099
6103
6104
6106
6107
6119
6124
6126
6142
6143
6161
6165
6167
6168
6169
6171
6172
6175
6177
6182
6187
6194
6195
6201
6207
6210
6218
6220
6223
6230
6231
6245
6251
6252
6258
6259
6260
6261
6262
6275
6277
6284
6287
6293
6302
6307
6311
6312
6318
6334
6344
6349
6355
6356
6360
6361
6371
6378
6391
6394
6400
6409
6414
6421
6422
6424
6427
6429
6433
6448
6449
6450
6455
6461
6476
6482
6484
6489
6496
6498
6500
6509
6529
6531
6532
6534
6538
6551
6554
6557
6563
6566
6567
6569
6571
6573
6578
6584
6587
6595
6601
6602
6605
6608
6611
6613
6622
6623
6624
6630
6636
6643
6652
6660
6663
6667
6670
6674
6675
6676
6678
6680
6689
6695
6696
6705
6713
6720
6732
6735
6739
6745
6747
6751
6755
6769
6772
6773
6776
6780
6781
6782
6787
6795
6796
6821
6822
6824
6826
6831
6833
6834
6837
6838
6840
6847
6850
6853
6857
6873
6875
6887
6895
6899
6900
6903
6907
6910
6911
6924
6931
6935
6939
6952
6973
6975
6983
6998
7000
7006
7012
7016
7017
7022
7029
7032
7033
7038
7039
7046
7048
7057
7058
7076
7080
7095
7104
7121
7125
7127
7132
7143
7144
7153
7155
7160
7162
7163
7168
7174
7176
7177
7186
7188
7200
7201
7203
7207
7212
7213
7214
7215
7216
7217
7225
7233
7235
7236
7237
7238
7244
7249
7257
7259
7261
7273
7275
7276
7278
7282
7285
7290
7298
7305
7306
7314
7332
7342
7345
7346
7347
7350
7352
7353
7355
7356
7361
7364
7369
7370
7373
7379
7384
7394
7397
7402
7404
7406
7408
7409
7418
7422
7436
7444
7447
7448
7450
7456
7458
7462
7467
7470
7477
7479
7482
7494
7498
7499
7500
7507
7514
7516
7518
7534
7542
7543
7545
7549
7550
7559
7562
7563
7564
7567
7570
7579
7581
7585
7586
7592
7603
7615
7623
7628
7630
7635
7636
7643
7650
7651
7652
7675
7676
7688
7695
7704
7708
7714
7717
7723
7724
7732
7739
7740
7745
7747
7751
7753
7754
7756
7759
7764
7765
7770
7771
7779
7795
7798
7799
7800
7801
7806
7807
7819
7823
7826
7833
7836
7837
7838
7846
7858
7859
7864
7871
7874
7879
7881
7883
7886
7895
7896
7899
7905
7909
7917
7919
7921
7930
7942
7955
7962
7964
7966
7967
7968
7969
7971
7972
7976
7977
7980
7984
7986
7987
7991
7992
7993
8008
8013
8015
8016
8017
8018
8021
8022
8024
8025
8031
8034
8035
8037
8038
8045
8049
8050
8063
8066
8069
8073
8089
8090
8101
8105
8115
8119
8129
8139
8140
8146
8153
8154
8159
8161
8163
8167
8174
8177
8187
8197
8201
8203
8204
8210
8213
8236
8237
8242
8247
8249
8251
8256
8264
8265
8267
8269
8271
8291
8292
8298
8300
8301
8304
8311
8314
8316
8320
8321
8339
8347
8349
8364
8369
8384
8390
8398
8399
8407
8411
8412
8420
8425
8426
8430
8434
8437
8440
8442
8454
8456
8457
8460
8470
8472
8474
8476
8490
8491
8495
8499
8501
8503
8514
8518
8522
8537
8539
8543
8544
8552
8553
8560
8563
8573
8574
8580
8582
8585
8586
8587
8588
8596
8601
8611
8619
8623
8624
8632
8635
8636
8640
8643
8648
8651
8653
8654
8659
8660
8673
8678
8680
8684
8687
8689
8703
8705
8707
8708
8712
8713
8719
8720
8721
8725
8727
8735
8736
8739
8740
8745
8751
8754
8755
8761
8762
8771
8776
8782
8784
8796
8803
8805
8807
8809
8819
8821
8822
8824
8825
8830
8833
8835
8838
8842
8843
8844
8861
8870
8881
8889
8891
8901
8903
8904
8905
8922
8927
8933
8936
8938
8948
8956
8973
8987
8989
8997
9011
9015
9017
9019
9028
9029
9033
9035
9038
9046
9049
9061
9065
9068
9074
9075
9087
9093
9094
9095
9110
9111
9117
9128
9146
9148
9149
9165
9169
9177
9179
9184
9185
9190
9197
9210
9211
9223
9227
9230
9232
9235
9247
9251
9258
9260
9261
9264
9282
9286
9288
9290
9292
9295
9297
9299
9305
9313
9316
9321
9323
9324
9340
9343
9357
9394
9396
9397
9400
9402
9405
9409
9416
9418
9419
9423
9441
9447
9448
9449
9450
9461
9463
9472
9473
9475
9478
9484
9485
9486
9488
9498
9502
9505
9506
9508
9512
9513
9518
9519
9521
9527
9533
9535
9545
9552
9556
9559
9570
9576
9579
9582
9584
9585
9588
9596
9603
9621
9632
9636
9649
9655
9656
9664
9665
9666
9670
9672
9675
9684
9687
9691
9692
9693
9699
9702
9703
9707
9708
9709
9721
9725
9728
9729
9733
9734
9738
9741
9745
9748
9749
9751
9757
9758
9770
9779
9805
9807
9810
9816
9820
9827
9856
9857
9859
9868
9872
9883
9899
9904
9912
9917
9919
9925
9935
9945
9949
9954
9960
9962
9975
9981
9982
9984
9986
9991
9992
9993
9999
7304
8363
2616
3269
6481
3243
7574
2683
5273
1303
9367
2658
8618
4547
3507
8419
8276
9893
2965
1217
5067
9363
5617
6706
7588
3094
7031
1034
2383
9506
1100
1955
9345
4909
8247
4812
3036
5290
6810
8654
5659
1031
3973
599
5411
5955
7887
7071
8624
5691
8435
6054
5101
7685
6914
9655
7922
1299
3397
1537
8175
6253
5865
7427
142
5547
4861
1021
5230
2081
1447
9763
3443
4408
8378
526
2701
2441
5534
1659
5348
5898
6096
7760
3427
862
333
9962
5160
6095
6153
6382
1349
9635
4807
823
8025
8326
891
3469
5589
3181
8982
1713
2989
6970
4036
8892
6539
6590
2970
1320
5846
1771
4430
5572
9181
394
1280
6703
1202
3282
3078
1424
7809
7758
8525
5548
7088
9701
6516
5884
4153
6929
2048
3107
9804
8357
497
9732
1342
9210
3228
5165
6741
112
633
3811
3902
3339
1118
9790
3259
5556
4116
5816
4581
9970
6637
9502
5627
7226
2426
2363
4834
2669
9253
8944
3162
9851
2788
1265
4893
4624
5651
3677
1867
6569
5381
7966
6868
3224
7520
4832
5276
1630
4810
8457
9058
9018
8352
8976
3359
939
7503
3377
3171
2733
9425
7842
8430
5711
9696
2742
2113
8849
5610
2640
6428
3498
6819
4175
5149
6158
3821
202
5003
5525
6807
2492
3959
3986
4544
3599
9256
6432
3089
6194
264
1945
8355
520
5075
7133
3122
5640
242
3157
5222
5830
5291
2424
8800
4957
4954
2890
8455
2806
6996
7791
163
2220
5646
2838
6731
4804
5453
1833
4203
342
828
9488
4049
5028
3907
5180
7098
8047
3616
8702
1956
9334
425
1163
2037
1913
8309
6568
9200
3849
7539
3252
4443
7496
2889
5455
962
9491
7100
6400
3669
7537
6825
3797
4823
173
4686
8375
6142
3814
8643
7092
2581
6216
5241
9573
1755
4448
1751
472
7902
5938
3950
5873
8114
4280
8
2378
8970
7792
5199
4894
5162
9193
5297
5314
170
6119
1919
5826
5173
2244
7477
2173
4681
3389
2421
1865
9885
2574
8447
8929
4171
1617
9663
3104
3347
9748
4038
7043
7093
8544
3155
2848
1759
3191
1763
6690
3517
1774
419
4315
328
7044
161
6068
1112
3051
2829
274
5573
490
665
9413
9122
3982
1096
9386
4756
8668
7518
959
5969
8460
4162
6611
9221
2850
6421
2578
5740
7642
5818
6246
216
6779
9918
3575
8744
7481
9586
4993
1626
7655
6227
3536
8037
3343
3325
257
4451
771
7550
778
1592
6836
951
90
8116
2155
3653
9754
837
6674
6210
7888
6042
3781
1458
5670
7764
8921
2107
463
725
848
1616
2910
3754
2960
1821
3876
8782
873
5484
5990
2303
7484
2715
6064
3068
7467
4543
5668
3074
5287
2962
6505
734
4766
7001
1418
1931
4193
8462
7560
6782
6668
5488
1310
7079
9394
2141
877
7696
832
1321
5036
8343
3829
1037
4177
7857
7399
6883
4362
1680
2246
1551
7212
4846
4167
1857
9535
1909
5203
7259
6738
7005
2118
8511
9044
5330
5472
7747
2061
3883
1228
6760
4411
4461
2758
7946
8101
2170
6225
3560
7054
1135
1911
3715
3365
3072
9759
7582
5115
8611
8021
9838
6766
2949
950
3858
1591
4626
5681
7751
2462
2423
6877
7534
94
581
6728
3969
9778
2920
986
4277
6832
687
5738
3885
3593
8555
9589
8581
2131
5850
6583
9149
7448
6097
2261
6802
2307
775
2302
9468
3156
7993
7249
9045
70
5621
240
1897
7948
9356
5197
8935
6653
3740
5118
1681
6278
1572
1710
8945
5877
2181
4761
1733
5949
2718
9791
5800
4302
5827
8080
8570
1569
6012
5367
4524
2814
6358
8056
3645
5717
8774
6971
6437
9095
5893
9405
3126
3834
3878
5710
3535
6102
9331
6193
1995
6596
6856
3590
210
6230
6285
3374
9069
9935
4212
4434
99
4209
5922
7472
3578
5350
123
1483
673
3999
9371
6438
6687
5226
3787
4231
6281
7245
9973
7515
2405
397
4196
2091
550
6004
2340
3284
3352
3879
9378
1341
1352
6180
7945
2942
9512
8574
5448
5339
7626
4536
1482
5439
926
9068
1693
7108
4303
7471
9603
1854
3139
9310
8883
6027
8765
6422
4817
9039
2289
195
5358
7554
4184
3049
3439
795
772
283
7873
3295
7584
9601
3919
2255
9444
8099
49
6968
992
3594
2060
5249
7145
1665
2696
1801
1111
2830
488
9317
9370
5657
9119
2161
9572
8040
9340
9659
2732
338
2705
8214
6693
3767
469
995
8919
1757
6523
1562
6494
6075
1257
2589
2414
3445
597
2018
5169
3636
5767
7788
9509
9596
8226
3501
5218
9735
2284
9475
7602
7908
3719
8514
7577
4312
7420
9315
1587
270
9638
1069
4841
4234
3046
5082
317
3054
2990
2995
9286
2214
2429
3048
136
1704
2690
9670
8649
2373
2470
6139
7055
1495
9766
3783
3093
4521
3903
656
8941
2698
5252
7421
2021
9942
5341
1706
4637
4687
432
9065
3568
1393
2781
2527
8542
9372
3777
6790
2186
2810
8102
7848
7527
2621
975
8336
9625
2526
7168
8111
353
3028
9925
8517
1201
8622
8536
3627
435
3120
3901
7746
5390
3480
9107
1970
1094
2130
5267
6287
1661
1933
5666
1985
4870
5872
3388
1739
2979
4446
1180
89
6655
5721
5794
2075
6059
3545
9794
530
2210
7356
1148
4256
2601
2490
7822
3022
3361
4968
4401
7199
9627
3994
8560
6927
229
5568
8488
4774
7961
2025
2092
8766
4689
953
1894
4081
92
6743
2545
1575
4753
3557
3624
6707
2539
8907
4529
3180
1365
4157
7003
6083
9960
3436
6988
1049
5790
1343
6985
7729
7058
2500
9099
7956
6206
9781
9390
2603
3007
4438
6277
4912
2024
5840
2841
2177
9465
7967
4599
2536
4503
5509
1563
671
1720
1235
9684
5364
26
5745
1311
7541
5892
5871
7896
2561
6692
7833
3177
6981
5216
6640
5778
5782
9776
7992
7844
1595
6055
5786
8998
1991
4042
162
4534
4889
4061
1318
4140
5172
4464
6658
9983
6022
213
819
1705
9281
7381
1685
5727
6381
1284
2865
9121
9126
810
1380
9710
8834
208
1654
2659
5764
7611
527
4419
8229
8750
3060
2928
8388
2312
6172
7128
5221
9871
7352
9811
9554
9257
5312
9113
3923
2956
6517
2014
8386
8092
8616
7988
8064
1301
9382
9561
8215
3205
637
8163
7750
4099
8194
171
886
5625
5825
5420
3441
6962
68
7770
4088
3718
621
9810
4449
6307
1438
3425
1825
8459
7645
9074
7273
2930
5553
8748
8957
2407
6238
2789
7332
7930
3002
5268
7504
9584
2389
327
4630
7117
2154
8012
7587
3116
7121
9824
6017
2272
5321
5310
1360
4586
6224
1128
7877
6579
8442
2474
3940
352
5595
483
4186
610
841
5083
7338
2234
6029
8236
4697
547
2391
6147
3850
1511
1066
6169
9416
5435
7702
4347
6989
485
152
4120
3911
2643
4776
6219
2795
6087
309
5806
4632
5114
4925
6853
2401
1188
6783
9412
8014
8810
568
9117
587
3043
2708
6496
9768
8908
5208
2043
2080
7305
1780
7884
2466
3880
6953
5798
8467
8881
2752
6509
3922
8280
4398
139
4333
4178
5641
9839
1789
3738
6221
4683
9989
269
6533
6257
7917
1125
254
836
2496
9401
4484
3299
1085
4558
9167
7253
9204
924
9929
5432
4311
2370
8822
1669
9504
7558
7754
1270
7749
87
8585
5012
8484
9114
7493
7247
3303
3052
2360
1631
5051
2097
7781
4713
3679
7918
5867
5430
3165
7907
5202
9741
1213
8985
3251
2827
5954
4134
1337
7355
1456
271
3515
1718
7389
9813
9150
8413
1205
3399
677
2128
993
2508
7717
6152
9617
965
7243
5104
1965
5582
813
9133
9178
4990
4391
7975
7280
5908
9967
32
981
5447
6342
439
7162
3277
5618
348
5517
5053
6745
6699
8949
2994
5643
9246
7805
6593
2087
436
5465
1501
4432
8862
8098
2972
8199
5675
7188
3904
7374
4554
5133
9860
8240
6960
6336
4056
628
6900
5278
5120
5928
9971
3150
33
115
222
737
1853
896
7267
6622
5866
6667
3340
2907
3103
1747
7853
3146
6589
2192
262
1746
9033
1
7653
1879
157
7060
8433
5398
1871
3709
3410
2853
7378
4669
9988
5192
3875
9426
6136
3317
871
4335
1262
5982
5298
4983
844
5789
449
5050
3790
5593
6018
40
1994
4508
1485
4332
9464
541
4118
7183
4611
8924
4103
1980
9825
982
7911
5211
1982
7652
6607
6734
6346
9997
1199
9686
4518
5944
3667
101
1238
8867
3082
1416
4875
5131
693
8832
3632
4222
4769
9010
5834
4075
7244
36
1249
8576
5591
8410
2145
8777
936
1157
4255
7233
2985
3945
8140
329
9806
7640
4977
5799
5998
5275
5749
9809
492
5720
9916
825
4755
3917
4989
3489
9525
4538
8757
1089
5010
9855
8795
9792
2287
7225
4380
141
252
4645
417
5859
2058
9348
484
5983
395
2737
7614
6742
3147
4373
7991
206
4888
754
1779
6588
9827
9428
6919
1190
4002
1855
4541
8621
7680
9538
1103
5306
1567
8415
2000
5442
1116
7778
5372
635
899
7441
231
5628
1820
6150
3487
403
5811
9393
5143
7195
118
7449
2051
5021
4537
817
129
9002
8134
8230
2072
2049
4306
7780
1822
6430
443
9186
6911
1209
4291
6548
4531
8244
586
5245
2204
78
2512
3455
9263
5431
9346
9094
346
8753
357
11
6392
1834
4618
1925
8145
2062
5522
1565
4575
8011
8866
9981
311
9303
3956
2796
8495
2847
7710
9273
8838
670
6612
7837
1247
1255
1999
8887
5962
2238
6528
7086
9424
5876
3255
9578
2463
6758
4286
3342
6050
9875
1422
4431
179
7394
5952
612
9403
1042
4950
7872
3143
5334
2772
4656
9455
4767
5777
960
2300
8698
6538
3966
4093
2533
5494
9521
5498
2860
345
7020
4386
8407
4439
6066
5473
8723
1266
1144
8446
6013
247
5760
6258
5888
6502
5571
147
4584
4029
8710
6823
9091
9703
332
8181
2521
184
5839
2790
6759
9244
9366
241
8519
7216
5324
1053
5144
2759
2798
9154
3955
4986
4932
9023
3739
8266
1252
2122
2756
9866
3567
1883
8132
9145
9801
6983
9034
9661
3370
5030
1670
3652
5387
9812
8629
3662
230
869
6365
6861
9351
1772
8320
5687
7509
8481
732
421
4299
9173
6464
6519
7432
3768
4939
9432
6935
2137
8371
2159
654
2241
8153
7412
7715
8002
1712
4722
6184
7868
8088
8449
8934
5376
8035
4359
313
9725
5042
8566
3485
6182
8470
721
6702
1191
4293
9510
3488
4414
3422
6769
6341
2352
5979
7336
6718
9249
884
1358
3047
7322
3346
2754
1989
874
7814
9636
6529
6295
6073
9953
6633
8928
7335
2554
6301
1550
7845
7018
5913
2611
212
9499
5362
9294
2935
947
9943
5024
9786
4017
6187
3172
8293
4015
9140
6085
5005
7038
9209
4658
8538
1409
1828
1529
3714
5692
1407
7091
4571
8499
1858
8969
923
9734
4809
386
6506
9013
4094
5479
6696
6921
559
5207
2147
6081
4947
2650
5515
3638
8958
2482
8655
4707
6688
5869
4468
6229
3540
149
5461
5380
8353
8539
8213
7327
2684
1527
4009
8231
3644
4647
2089
4272
4634
106
5094
6608
9397
5662
1783
4948
9854
6069
8806
7474
3045
4674
5102
3692
8201
7284
1478
3231
5097
2567
1309
7132
9198
767
7494
3069
2243
8971
9008
315
8794
1818
2003
7891
9314
155
2439
5234
4457
8398
1412
3631
6165
276
8389
6412
582
2778
2825
1635
277
4930
5168
8333
6292
7826
8278
2023
6385
7821
4971
9213
6349
5403
7227
3099
910
1868
5541
2365
3520
2943
1682
3975
9570
4717
4139
9889
1977
1198
7061
2839
6384
148
4763
341
5174
3
6284
3538
5407
1586
38
8237
6335
5897
8391
7073
7619
9974
6522
9255
228
785
158
976
2618
1146
749
3682
138
9362
3647
4393
1974
3132
137
478
4378
7323
984
4744
2626
5901
3290
3086
4507
57
3470
3166
4671
7919
9373
2605
4589
626
685
5059
5129
7854
8707
