5
14
20
21
22
23
25
29
31
35
38
39
46
47
48
49
57
59
60
61
65
69
73
77
80
87
88
101
103
106
108
109
115
128
129
140
141
145
148
155
161
162
168
170
176
177
178
189
194
198
200
204
209
210
214
218
219
223
227
229
230
235
239
245
248
249
250
251
252
259
268
274
276
278
284
286
292
293
298
300
301
304
305
306
308
313
324
331
332
335
365
368
369
378
385
396
398
400
412
417
424
425
428
439
440
441
442
451
453
456
460
461
467
471
476
479
485
492
495
497
498
501
503
505
509
513
515
527
529
533
538
540
541
542
547
551
560
564
568
570
580
583
597
599
605
608
612
614
618
619
628
632
634
641
649
661
664
668
671
673
674
693
695
700
701
711
717
719
725
726
727
732
733
734
736
740
748
758
766
771
773
779
783
787
798
801
802
803
806
809
810
814
818
829
832
834
835
840
841
845
851
855
859
866
873
884
888
893
896
904
908
912
915
921
929
930
936
940
948
953
954
955
969
970
975
980
990
991
994
1007
1009
1012
1014
1019
1022
1024
1026
1032
1033
1034
1042
1043
1047
1053
1055
1061
1066
1086
1094
1098
1100
1106
1107
1115
1119
1120
1121
1123
1124
1128
1134
1135
1137
1138
1140
1141
1147
1148
1149
1150
1157
1163
1166
1167
1168
1171
1175
1177
1180
1182
1183
1186
1189
1194
1195
1199
1204
1216
1217
1219
1223
1224
1231
1233
1239
1240
1243
1244
1248
1250
1262
1265
1268
1269
1275
1280
1281
1283
1289
1292
1296
1297
1304
1314
1315
1318
1322
1329
1333
1336
1339
1342
1344
1345
1346
1349
1350
1351
1353
1357
1360
1361
1366
1367
1369
1374
1380
1388
1394
1396
1401
1403
1405
1407
1409
1421
1422
1429
1430
1439
1443
1444
1445
1449
1454
1457
1462
1466
1470
1475
1480
1481
1487
1488
1493
1495
1497
1500
1502
1509
1512
1513
1514
1523
1526
1527
1532
1534
1538
1540
1542
1546
1547
1552
1553
1554
1558
1561
1564
1566
1572
1573
1575
1579
1580
1582
1584
1586
1587
1591
1599
1602
1604
1609
1613
1616
1621
1624
1625
1627
1629
1638
1648
1653
1654
1662
1669
1671
1672
1685
1692
1699
1700
1706
1707
1716
1718
1722
1733
1737
1738
1742
1744
1746
1762
1763
1766
1769
1773
1774
1778
1779
1781
1787
1790
1793
1799
1803
1804
1805
1810
1817
1820
1834
1839
1851
1852
1855
1858
1859
1870
1873
1877
1880
1883
1897
1905
1906
1908
1911
1915
1933
1935
1941
1943
1944
1947
1948
1952
1954
1955
1968
1972
1973
1974
1983
1988
2004
2006
2011
2014
2019
2020
2025
2026
2027
2029
2031
2033
2037
2048
2050
2051
2052
2053
2058
2067
2071
2081
2082
2086
2088
2093
2096
2098
2105
2106
2110
2113
2115
2116
2118
2120
2139
2140
2146
2149
2152
2158
2160
2161
2162
2163
2168
2172
2182
2183
2194
2203
2204
2205
2211
2212
2218
2222
2223
2226
2232
2234
2239
2241
2242
2244
2249
2252
2257
2262
2266
2271
2276
2287
2289
2294
2298
2302
2307
2313
2314
2321
2324
2328
2331
2333
2341
2343
2350
2351
2356
2358
2363
2365
2371
2372
2382
2383
2397
2400
2401
2402
2404
2409
2410
2415
2419
2422
2425
2426
2429
2431
2435
2441
2444
2448
2454
2456
2457
2461
2463
2464
2465
2466
2468
2472
2476
2478
2482
2489
2491
2496
2497
2500
2501
2505
2510
2514
2515
2519
2525
2526
2535
2536
2550
2554
2563
2564
2571
2574
2581
2584
2593
2599
2602
2603
2606
2608
2610
2613
2615
2617
2618
2620
2633
2635
2640
2642
2643
2649
2657
2659
2661
2671
2674
2677
2679
2693
2700
2702
2703
2708
2709
2711
2712
2714
2721
2726
2730
2735
2737
2739
2743
2746
2747
2748
2750
2755
2759
2762
2768
2769
2770
2775
2778
2779
2780
2783
2790
2794
2797
2809
2811
2817
2824
2829
2832
2833
2840
2844
2847
2856
2857
2861
2874
2875
2882
2883
2884
2886
2887
2890
2896
2897
2907
2908
2912
2913
2914
2925
2944
2945
2950
2952
2956
2960
2962
2964
2967
2983
2984
2995
2998
3001
3006
3008
3009
3010
3012
3015
3018
3024
3027
3033
3034
3039
3040
3044
3046
3050
3055
3057
3067
3069
3073
3074
3075
3077
3079
3080
3086
3094
3097
3098
3106
3114
3121
3123
3124
3126
3130
3133
3135
3136
3137
3138
3143
3145
3158
3171
3176
3178
3184
3186
3190
3194
3196
3200
3202
3204
3207
3214
3218
3222
3224
3225
3227
3229
3232
3238
3245
3246
3248
3252
3260
3264
3267
3272
3274
3275
3286
3301
3308
3311
3316
3319
3321
3322
3328
3330
3331
3332
3333
3335
3340
3342
3344
3347
3351
3359
3374
3377
3379
3381
3384
3386
3390
3394
3395
3397
3398
3401
3403
3406
3410
3413
3414
3415
3418
3419
3422
3424
3426
3430
3431
3432
3436
3443
3446
3449
3451
3452
3453
3456
3457
3460
3462
3467
3474
3478
3481
3483
3493
3499
3500
3507
3511
3513
3516
3519
3520
3522
3524
3526
3528
3531
3532
3534
3535
3537
3546
3548
3555
3558
3559
3560
3562
3563
3571
3577
3581
3585
3588
3591
3593
3598
3600
3602
3605
3609
3616
3617
3625
3630
3631
3633
3634
3638
3648
3649
3662
3668
3671
3683
3686
3688
3692
3693
3695
3696
3702
3709
3716
3720
3727
3733
3739
3748
3759
3764
3765
3768
3769
3774
3779
3783
3786
3791
3799
3804
3807
3809
3812
3814
3819
3820
3822
3829
3837
3840
3841
3842
3845
3853
3855
3861
3866
3868
3874
3875
3876
3882
3893
3896
3902
3903
3904
3909
3911
3915
3917
3920
3922
3924
3928
3929
3930
3935
3939
3944
3952
3953
3964
3968
3969
3973
3974
3992
3993
3995
4000
4007
4008
4009
4010
4018
4026
4027
4040
4042
4046
4047
4049
4051
4054
4057
4058
4063
4069
4071
4074
4088
4099
4103
4106
4112
4113
4116
4124
4125
4127
4128
4130
4135
4146
4155
4158
4159
4164
4165
4169
4172
4173
4174
4175
4184
4185
4187
4189
4192
4200
4210
4211
4214
4218
4221
4223
4226
4252
4253
4257
4272
4282
4287
4292
4296
4301
4311
4312
4315
4318
4323
4326
4327
4328
4329
4331
4332
4340
4348
4349
4350
4353
4354
4360
4364
4373
4374
4382
4384
4385
4388
4391
4393
4396
4401
4404
4405
4407
4415
4427
4430
4431
4442
4452
4460
4462
4467
4469
4470
4474
4475
4476
4477
4482
4484
4487
4489
4492
4495
4500
4501
4517
4521
4522
4529
4532
4533
4537
4539
4550
4556
4582
4583
4586
4588
4590
4591
4592
4594
4599
4603
4605
4610
4611
4614
4617
4623
4633
4635
4636
4637
4638
4641
4644
4647
4650
4655
4657
4661
4663
4665
4666
4668
4673
4680
4689
4698
4704
4707
4709
4715
4716
4718
4724
4725
4728
4732
4733
4734
4735
4737
4743
4751
4754
4755
4759
4760
4762
4764
4767
4770
4771
4775
4776
4779
4783
4784
4787
4793
4795
4800
4810
4817
4818
4820
4825
4828
4843
4852
4857
4870
4872
4875
4879
4885
4900
4901
4904
4905
4907
4908
4914
4915
4922
4926
4927
4928
4932
4943
4944
4945
4946
4948
4949
4950
4951
4956
4959
4962
4964
4967
4974
4980
4982
4986
4994
4997
4998
5000
5002
5005
5006
5010
5012
5013
5015
5019
5021
5023
5024
5026
5027
5032
5034
5040
5048
5050
5057
5061
5062
5067
5076
5077
5081
5085
5096
5099
5107
5109
5111
5113
5121
5130
5134
5136
5137
5141
5144
5148
5150
5153
5164
5165
5167
5170
5172
5175
5176
5201
5204
5207
5214
5220
5224
5225
5229
5231
5242
5244
5257
5259
5260
5263
5269
5282
5284
5295
5298
5302
5303
5304
5305
5318
5323
5324
5326
5330
5331
5344
5346
5348
5358
5359
5362
5363
5365
5380
5390
5392
5400
5403
5404
5406
5417
5423
5427
5430
5438
5448
5454
5461
5463
5468
5470
5480
5482
5484
5486
5495
5503
5505
5509
5511
5512
5513
5516
5517
5524
5525
5526
5534
5535
5540
5541
5546
5547
5548
5551
5556
5563
5570
5574
5580
5590
5591
5592
5596
5598
5602
5603
5606
5608
5611
5617
5619
5620
5624
5625
5627
5628
5629
5636
5639
5640
5650
5657
5660
5663
5664
5669
5672
5674
5676
5677
5678
5684
5689
5691
5694
5695
5707
5709
5711
5725
5727
5732
5742
5747
5751
5753
5760
5764
5770
5771
5773
5775
5777
5782
5783
5787
5789
5791
5793
5796
5799
5809
5825
5827
5832
5833
5836
5837
5839
5843
5844
5849
5852
5855
5856
5859
5861
5862
5869
5875
5878
5879
5886
5891
5894
5914
5916
5928
5931
5935
5938
5948
5950
5960
5963
5967
5971
5973
5976
5983
5987
6004
6005
6007
6008
6009
6010
6021
6022
6026
6029
6035
6038
6040
6041
6043
6045
6046
6054
6055
6056
6059
6063
6064
6066
6073
6084
6087
6089
6091
6095
6096
6099
6102
6104
6108
6112
6113
6119
6120
6125
6132
6134
6137
6139
6143
6154
6158
6160
6168
6174
6175
6178
6184
6193
6197
6203
6207
6213
6219
6224
6229
6230
6239
6244
6252
6253
6255
6258
6260
6261
6266
6268
6273
6275
6277
6279
6284
6287
6291
6295
6298
6299
6300
6303
6309
6316
6318
6320
6326
6327
6329
6330
6335
6344
6345
6347
6351
6352
6354
6356
6362
6364
6372
6378
6383
6384
6391
6396
6400
6404
6407
6408
6411
6415
6418
6429
6435
6436
6439
6446
6457
6465
6468
6477
6478
6479
6487
6488
6494
6495
6497
6499
6500
6501
6502
6509
6510
6512
6515
6522
6523
6530
6533
6536
6537
6546
6557
6560
6561
6574
6577
6578
6583
6588
6589
6592
6593
6596
6601
6608
6609
6618
6624
6625
6636
6638
6644
6649
6651
6652
6654
6656
6658
6661
6662
6670
6676
6680
6682
6684
6693
6694
6704
6705
6710
6716
6727
6731
6736
6739
6741
6745
6746
6752
6754
6755
6756
6757
6758
6760
6761
6762
6764
6766
6773
6774
6775
6777
6779
6780
6782
6783
6784
6788
6803
6805
6809
6810
6818
6819
6824
6830
6836
6838
6840
6843
6845
6847
6861
6866
6868
6872
6880
6893
6899
6901
6904
6907
6908
6914
6915
6917
6918
6930
6932
6941
6944
6949
6950
6957
6965
6973
6975
6979
6988
6991
6994
6998
7000
7003
7005
7006
7008
7014
7020
7029
7030
7034
7038
7039
7040
7041
7042
7046
7048
7049
7059
7068
7073
7075
7076
7084
7085
7091
7098
7107
7108
7114
7116
7119
7122
7126
7129
7136
7142
7150
7153
7160
7161
7162
7169
7170
7176
7181
7191
7194
7210
7211
7212
7217
7222
7230
7232
7241
7245
7249
7253
7254
7256
7258
7259
7260
7261
7266
7267
7270
7271
7275
7289
7296
7299
7300
7301
7305
7313
7314
7316
7320
7321
7326
7328
7338
7343
7359
7361
7362
7366
7368
7372
7378
7383
7388
7394
7404
7408
7409
7412
7413
7414
7415
7418
7419
7422
7423
7425
7426
7430
7436
7439
7442
7445
7450
7451
7455
7459
7465
7470
7473
7480
7481
7482
7483
7490
7491
7492
7497
7501
7503
7506
7508
7518
7520
7531
7533
7534
7535
7538
7544
7547
7552
7555
7571
7576
7577
7578
7586
7587
7589
7601
7602
7613
7615
7619
7620
7622
7625
7629
7634
7640
7642
7644
7645
7659
7660
7662
7665
7670
7673
7679
7691
7695
7696
7697
7698
7699
7702
7705
7717
7720
7721
7723
7726
7737
7739
7744
7746
7747
7748
7759
7761
7763
7765
7775
7782
7783
7785
7786
7792
7797
7807
7810
7824
7826
7844
7856
7860
7862
7869
7870
7876
7881
7882
7884
7885
7886
7887
7888
7894
7908
7909
7913
7924
7930
7933
7936
7941
7942
7948
7953
7954
7956
7961
7967
7969
7971
7974
7981
7983
7990
7992
8005
8009
8013
8015
8016
8017
8022
8023
8025
8026
8033
8036
8038
8042
8048
8061
8065
8066
8069
8073
8077
8086
8090
8095
8098
8099
8101
8102
8105
8109
8110
8114
8120
8128
8129
8130
8131
8135
8145
8147
8148
8154
8157
8160
8169
8171
8175
8181
8182
8183
8184
8186
8189
8193
8198
8202
8209
8214
8215
8217
8221
8228
8229
8237
8239
8240
8241
8242
8243
8244
8246
8247
8251
8253
8256
8257
8258
8261
8268
8273
8274
8276
8279
8280
8284
8285
8291
8297
8298
8307
8310
8312
8314
8315
8317
8318
8324
8325
8327
8328
8330
8341
8343
8355
8359
8364
8368
8372
8381
8389
8391
8392
8394
8399
8401
8402
8408
8414
8421
8423
8428
8436
8439
8447
8451
8466
8469
8473
8482
8486
8487
8488
8491
8493
8496
8499
8500
8511
8517
8520
8528
8536
8541
8544
8549
8551
8568
8569
8571
8573
8579
8583
8584
8586
8589
8592
8594
8595
8596
8600
8603
8604
8605
8607
8609
8610
8612
8613
8618
8622
8627
8632
8639
8642
8647
8650
8652
8653
8655
8657
8659
8661
8663
8674
8678
8680
8683
8684
8687
8695
8699
8701
8705
8709
8716
8718
8721
8724
8729
8735
8741
8743
8749
8750
8758
8761
8763
8772
8775
8777
8778
8781
8788
8792
8793
8794
8797
8799
8800
8803
8805
8812
8815
8816
8818
8823
8824
8827
8828
8831
8834
8838
8842
8844
8847
8849
8857
8858
8860
8861
8867
8870
8871
8872
8873
8878
8882
8885
8886
8893
8898
8902
8904
8912
8927
8929
8931
8932
8933
8934
8947
8948
8964
8968
8972
8973
8976
8980
8985
8992
8993
8996
8998
9001
9002
9003
9005
9011
9014
9017
9022
9025
9026
9027
9032
9035
9036
9038
9042
9048
9050
9051
9053
9068
9074
9079
9083
9086
9088
9090
9092
9094
9113
9115
9117
9118
9120
9123
9125
9133
9137
9142
9143
9153
9154
9155
9163
9167
9175
9176
9182
9185
9189
9192
9198
9200
9202
9204
9209
9210
9213
9228
9231
9233
9236
9241
9244
9245
9247
9248
9257
9267
9271
9283
9284
9287
9291
9293
9298
9301
9305
9311
9312
9321
9323
9332
9334
9335
9346
9347
9350
9356
9358
9367
9368
9371
9384
9385
9386
9389
9393
9408
9409
9421
9423
9434
9439
9448
9449
9452
9457
9459
9463
9465
9473
9474
9476
9477
9481
9484
9488
9492
9496
9500
9501
9504
9506
9512
9515
9518
9523
9532
9535
9536
9540
9542
9545
9553
9557
9563
9564
9567
9570
9571
9574
9575
9576
9577
9578
9582
9592
9594
9606
9620
9622
9625
9627
9631
9632
9638
9643
9644
9650
9652
9658
9663
9666
9667
9679
9681
9683
9686
9687
9688
9689
9699
9703
9704
9710
9715
9723
9724
9733
9736
9740
9743
9745
9756
9762
9763
9766
9770
9774
9782
9784
9790
9800
9802
9806
9810
9812
9816
9818
9822
9823
9828
9834
9845
9848
9854
9858
9860
9861
9866
9868
9876
9885
9886
9892
9894
9901
9909
9913
9932
9937
9940
9944
9958
9959
9964
9973
9976
9977
9979
9987
9992
9994
5426
2724
6832
6255
2089
5816
424
203
9568
4002
3635
1011
1078
7752
2265
2158
9677
5658
855
3850
4320
1038
3612
3598
8228
2994
1768
5007
4976
723
6168
6053
4298
8652
5837
8203
1281
6654
5177
6191
6503
3808
8342
1471
3313
3640
4009
7069
4321
1487
2097
6649
7001
1191
6008
9688
9009
8558
8450
1169
8598
9352
5033
746
6997
1467
4556
3815
8621
8096
2688
4855
8369
9518
6939
6434
6673
3656
945
5515
4305
542
8014
8337
5416
4688
8902
7692
7210
6750
5925
4818
6044
2212
169
4588
8757
1424
8395
3565
5205
8119
5869
2071
8642
6959
3186
7943
5712
1276
4654
992
3181
4527
8078
3450
8147
889
4037
5031
9879
8383
5750
7330
5999
3923
2074
4119
8625
4405
5300
8040
1180
3894
7583
7298
8022
3996
7673
8846
7812
8409
2709
5735
178
8271
7930
6823
7472
7004
3176
7116
5767
7046
9896
4493
1592
2645
7296
6780
5697
321
6369
6822
4837
4455
5307
1357
7245
336
7915
4929
1037
9495
5414
5393
614
866
3401
4977
2219
5561
8093
8548
3219
7098
4857
783
4385
7333
8531
615
6784
8747
7864
8933
9977
6245
3154
3986
5849
8915
72
429
4309
1159
6313
9233
5509
9392
2105
589
1834
9072
9249
2557
2182
7265
1282
6731
502
877
448
8885
3699
411
5832
7143
3115
876
7228
633
8115
3161
5379
5385
7689
3349
5237
8701
3583
343
683
2204
622
3076
3781
3581
3745
7589
4653
2167
2496
1609
5021
3376
2802
4458
6651
9049
6804
118
7909
5839
6059
5706
1529
6787
7347
6030
9876
9291
1915
6138
9619
1189
5088
2794
7405
2372
1116
1948
1121
9618
6112
2301
80
2437
8796
6047
7233
8225
8553
6367
1576
5299
8255
4711
7960
9664
3013
1428
1505
6604
2316
5198
5339
4624
2836
9114
8727
4932
8599
7467
4402
4530
2202
5638
7061
2740
3906
3778
4767
1389
3253
7099
8448
158
4821
8298
2888
867
7843
6331
9696
8804
7327
2726
6470
5530
9656
2551
3972
4095
1019
4220
3397
5134
3595
4069
2179
6343
8048
8720
228
5672
8063
2751
2524
9024
9965
7568
5913
1056
7038
5522
3994
2227
159
515
5710
9763
2176
3329
8139
6474
2517
2863
6453
5483
3090
5175
2171
9852
6502
1790
2125
9345
7018
9984
1702
641
8740
8981
7803
4910
7346
6471
7169
7989
8253
9736
9091
7763
7247
4225
1637
150
9917
7739
2329
6610
3746
2266
9630
4189
850
7601
9665
806
742
4366
7551
6118
9805
8832
5465
6736
7800
2560
7942
7189
9733
7558
6671
8703
4798
9234
4212
9326
6203
9282
4749
5914
6289
3132
7738
6883
3956
8671
3017
9211
9864
5070
7815
7353
8483
135
5179
9606
1020
5053
4488
5294
3679
1678
2842
7629
2012
3005
1412
8427
5266
4172
3332
2554
3829
9076
2589
4598
5295
8670
6941
3384
7044
375
5909
5372
9856
2449
3333
2623
4211
6599
3068
2867
5883
8797
7950
9065
3817
3680
9023
7009
5167
4356
6543
4129
8349
1512
6454
2126
8325
349
6321
494
7768
544
4957
4475
8087
55
609
6421
4867
4574
6024
9298
771
1057
2485
2559
827
963
6311
4451
4657
7983
2725
3977
2900
9938
1363
2051
8808
5718
4196
9853
3065
108
8117
472
9385
8137
7455
5289
7172
7165
5140
7720
3705
4215
6498
8376
2078
5536
4403
181
863
2816
1810
3698
7964
1519
278
8723
1852
2381
1053
5995
2222
8545
4834
4926
3624
3915
9849
9154
8307
2059
7411
9617
2660
5601
4281
6413
4841
8706
6682
6812
5625
233
7397
2698
6921
6827
9686
7887
521
8146
9622
7198
8334
4407
3701
4100
1286
4540
8688
4504
6737
9844
3800
9098
7749
92
1384
3535
7276
4580
1968
797
816
4611
2527
3045
7433
9990
2799
1676
1250
9488
4289
123
890
1634
9892
7022
4521
1123
7080
9717
772
8842
9871
6633
2263
5173
4994
3862
9067
5819
4148
699
2540
2371
4876
5377
8572
8162
8401
1758
8172
4018
1689
2979
455
5355
9417
1442
3453
1816
2155
885
7850
9140
7309
4627
9354
7389
5827
3712
7443
4477
1585
6232
2669
446
9645
5333
2809
2999
2962
6406
3338
9273
147
7033
880
7794
2870
8732
926
4586
2457
2473
3040
2839
7184
9130
7911
3855
4877
3377
5734
1427
5380
4400
3238
2924
339
3917
5366
5035
9150
9803
1432
7261
5128
5505
7788
8611
7135
270
5162
2169
8476
5182
7182
9096
3389
224
6700
6353
5215
807
1767
7212
8292
107
9662
4026
9689
4030
8950
6324
78
4908
4269
9019
8547
4779
4890
9589
9266
7251
3830
4413
9587
1530
86
7479
371
6661
6273
2735
3501
7180
2023
4376
4380
1935
7050
4265
7329
2691
5001
4079
2223
4224
1237
1058
6091
330
1255
8746
5564
2563
394
9216
670
5807
1667
7931
2076
9799
9196
5222
6156
6618
9566
8136
6975
4913
9293
2459
9875
4578
1885
5396
1049
1195
2367
3061
2195
533
8935
5341
700
7972
4055
8695
9510
9955
6132
3163
4160
5890
1334
5737
4865
1388
834
3015
8459
1496
7990
6908
2628
5374
657
2138
6391
2679
927
5626
4954
7345
1353
303
2216
3467
9935
3390
8443
7081
4516
6154
6442
8790
9963
613
1481
4543
538
9967
6252
2154
7464
4077
9121
2568
1789
2172
9781
4677
6294
1473
7872
2624
8209
7325
8039
4978
8891
6758
3420
315
5241
511
9640
5356
6795
4165
9209
937
6676
3081
8650
5553
3089
3527
743
7358
396
4177
6400
7399
5108
7581
2359
8302
6480
3961
1210
4681
7300
3538
7547
4155
5112
6447
7465
7401
4393
5409
4094
8810
6627
5482
3740
4267
3600
7224
1182
6108
8526
8100
225
3880
8252
6964
6902
6310
7796
6824
1004
5069
8527
4259
4918
517
4001
9634
1786
1832
2672
9463
364
9178
4805
3311
6281
3990
7890
5227
7154
6013
1616
6197
4719
6088
4143
2443
8631
3194
8963
7331
9592
9476
2526
3982
6899
4724
9680
6487
6756
9961
7683
6923
7698
3442
2111
4244
1063
9520
82
9458
8094
4513
1089
3904
8011
6765
1504
6204
1300
9957
4434
6184
2013
175
1762
1837
6718
3804
9027
6297
7562
1331
6402
5834
8904
9855
6135
2937
4260
9529
7580
3404
6011
7585
9924
9648
2743
9188
3958
1135
7798
2298
9942
8923
4252
7342
7755
1411
560
6401
9213
3615
9501
6665
7504
3171
6885
9582
1483
4314
940
4396
8380
9684
3897
7923
9010
6459
6287
2668
318
2523
4440
6890
5770
4682
4042
7470
5669
6508
4965
7778
6926
2656
9265
3762
7462
2911
5730
6841
4128
2722
5267
6417
7594
9506
2647
7921
4449
0
3217
5419
6280
2538
2287
5172
5229
6938
5518
2586
1061
381
6642
8491
40
2674
8128
306
9778
2376
892
1690
520
6257
9373
3302
4127
7615
9283
1146
3687
6594
4304
7693
8237
7202
3806
2755
5192
713
3594
5923
3837
9339
3520
6576
4255
5249
2024
2607
7858
3300
2053
5410
7898
8736
6093
2795
801
9115
8521
7104
7699
8639
9809
1085
6238
5903
671
2700
1654
334
8633
567
2925
9164
192
1485
1050
7056
3737
3993
3433
1695
8006
1791
3717
9996
893
8728
716
1035
1815
2034
5830
9650
3439
4303
6248
3820
2413
8593
7703
1113
4744
3487
3507
3239
3925
9615
790
9737
4190
808
6911
3731
5164
8542
8109
7078
5732
403
858
77
1192
136
9077
2122
5958
4814
2462
8931
8668
1048
5089
7493
3678
8691
2232
2649
9498
6306
2819
112
4998
1856
8999
7288
6443
2296
7863
6182
9464
7811
1891
2837
7019
5719
6121
3014
3038
3279
3254
8223
4398
4825
2021
894
340
7700
5722
314
6486
6302
9992
4996
5918
1243
8224
5602
2939
7506
9166
9030
5076
3146
522
3931
7311
9872
1647
1414
1222
2862
155
2810
2561
9860
6139
2404
1420
5415
8758
1114
6149
547
3819
6946
3166
9444
9840
5503
3831
4782
9218
205
5085
1550
513
500
6155
6958
5554
9060
952
6441
6918
3411
7494
6208
3823
6860
7515
1440
4134
9026
4603
9336
5777
1853
6461
8578
3609
3488
8517
2991
3710
8989
6996
2235
1972
246
4068
4794
9419
780
765
3235
6582
5046
3324
8145
6608
1918
7879
541
1367
3735
2798
974
9931
4262
8386
2772
9952
7279
6588
9127
608
7825
7834
8268
8208
8066
5318
294
6906
5526
1829
7007
4337
3464
7434
2929
6189
4469
9767
4671
6240
586
172
1301
9983
7953
6337
7832
1982
4112
8212
2731
1751
3797
9676
5232
5081
4163
721
9330
804
9558
300
9560
4000
8345
467
1263
4288
5312
227
7743
7534
8059
272
2579
2347
5739
8500
7675
3938
5507
7706
4851
4609
2341
1520
11
242
5206
4597
9204
2148
1346
9432
9947
5798
4140
7498
4180
5614
5174
2360
7602
1635
2916
1024
4781
7782
8329
5565
5631
5694
7072
6863
9616
2601
8403
3908
3189
7010
3525
9993
5176
2303
9968
3149
1685
2652
4017
1340
1814
2364
3058
7144
7813
5973
6768
3623
9467
8580
6125
9361
7011
7148
1910
7726
4733
7591
3153
1947
7351
6021
6818
4489
7285
5474
7663
8638
8710
5980
2486
4036
3441
4424
8378
6558
8284
6510
4824
845
3907
8632
7076
9289
4882
8867
8101
7406
4839
2352
1716
792
9490
1510
6677
2666
4188
6514
2855
3751
7820
5875
7852
7370
4426
6531
6029
5136
1208
7332
555
4278
9329
2055
5823
5806
4181
9323
357
8980
7790
5810
3178
967
7542
8266
733
262
2851
1514
2193
915
8389
1025
7129
7553
2699
8245
899
991
1104
8940
4656
5432
5691
3318
822
5022
4938
2574
3957
7507
6850
7252
4135
8244
969
6316
9821
1526
5230
488
7203
3138
1546
1218
7201
7423
1165
6815
441
1801
2499
3289
257
6270
9596
3567
8243
6803
9478
7318
2104
5893
5668
1043
9823
3245
5002
6628
4569
84
8114
6440
7657
2463
4970
665
6571
8178
4669
8707
7954
4854
2327
4301
15
3497
6569
5583
6260
7873
1508
7948
9157
8240
6695
3296
367
2695
2436
5363
1561
6237
4216
5354
2620
7549
9888
4245
706
8004
8046
6212
7896
4438
7933
775
4716
4951
8033
5105
4676
1247
2454
8816
4831
5382
7363
2362
5039
2354
6624
1044
8122
9685
694
7625
8971
1646
1572
8455
755
685
5714
1974
8741
458
2375
7538
1533
36
9472
9347
3691
1895
8392
490
745
5252
865
8581
1907
4056
4185
6501
5715
9350
3033
6579
7006
6195
2987
2256
2954
2598
1687
8806
2702
2619
9521
9652
6380
1946
5397
1214
3571
7357
3707
2832
4014
6304
7101
6954
366
9268
7694
6922
7489
4520
3282
4365
3414
3168
3386
8256
6375
9930
1729
8552
6866
627
6659
8635
719
5829
9623
5557
1142
7378
1905
5248
3306
7836
6144
3473
1425
9489
5452
4868
6835
103
7761
8028
4324
3499
4704
4644
3881
9574
2022
1889
1495
5388
4485
9111
9695
1625
3922
79
4263
8912
5648
846
891
5030
5450
4758
7093
3396
5573
2380
4641
2333
5114
5122
5756
3106
6098
3425
7343
2363
7334
2493
3889
6567
1965
6326
8486
4811
5599
5779
1586
2240
1993
2845
6606
7109
6637
186
8072
8802
8425
1836
6865
7627
8110
1105
6585
4668
1666
824
1869
1200
97
8586
1484
6947
7094
1717
4170
8684
1368
6619
7089
7178
5636
1231
5469
7956
982
5966
5969
9982
4698
5143
3836
4378
9661
2429
6328
5364
6317
7674
5216
1761
5618
9226
3566
1328
6263
4468
9496
722
8327
9312
164
2965
6873
3629
5045
244
7828
9013
4726
3788
9453
928
5111
8525
98
5604
3292
5835
8300
4444
7429
9260
3101
2719
8017
5144
9768
4496
3518
9220
9746
9607
3270
9815
957
6878
5460
6481
5471
8118
5953
965
1617
7753
6580
7922
8883
2143
2720
8034
7801
4351
8492
4316
6428
7830
3741
3317
7477
4741
8709
611
2192
8617
6127
1079
3807
5679
5373
2887
8518
3022
4906
99
3642
4973
1859
4362
9751
7013
3587
2050
8446
7857
1922
5170
6495
5445
1971
3044
6796
4534
4194
2088
3548
5399
4992
9185
5523
9711
1410
4034
9742
9035
9388
7893
6532
5654
6394
4248
1996
2859
2396
3652
6415
6986
94
4456
8681
9393
9555
8729
3426
6309
3200
3814
6363
4138
4418
447
7471
4602
1823
5846
2295
4618
5592
3768
1523
4312
2497
200
9550
5098
7430
4416
6872
8029
5587
2927
4572
3759
5146
2884
7734
5453
1583
1579
5572
5895
6722
2374
7962
8590
4739
6035
6549
6052
7612
8081
7071
3379
4078
1018
9355
1938
5864
8260
5757
3310
1943
1449
7588
1843
4375
6018
8474
5468
3483
8892
4587
9761
645
8047
5686
1012
6644
6635
6764
2651
6371
8082
2590
4229
6068
6650
2475
7365
3532
3822
8309
1591
2358
572
5531
7283
7234
8213
9487
8888
860
6826
9877
3242
9494
6711
2132
6834
8985
6794
1465
9479
972
1765
709
43
6974
7556
9358
8199
3682
4422
815
4395
8363
1021
2058
7052
1324
3794
9468
8384
5246
8620
7518
2131
4472
9556
977
5970
4156
3173
85
847
1643
1812
5831
647
1143
3078
2153
9191
6662
1613
8410
2906
7215
214
4826
3645
4282
6732
4383
7196
7654
4218
3628
720
5514
1201
4109
1517
6809
6346
2829
8127
9605
8218
1945
8744
4433
2188
2200
5622
3347
8346
1010
32
777
8196
4754
523
4635
1446
1477
5281
2663
9162
128
7854
6541
9151
8929
3971
41
23
2505
7851
2562
3801
1924
3959
1531
2933
3636
9792
3494
607
1917
4054
1989
4082
5897
3330
2923
8508
7015
3275
8190
5360
9075
8779
4503
8811
1964
3474
6483
8690
5107
1291
5346
826
8830
7754
6376
7607
2438
7079
3237
6286
1800
407
638
9428
1075
2383
8866
6427
8350
6584
3367
4631
3835
7571
7848
6069
1361
9253
5016
7712
5061
1362
4551
3718
3072
3337
5847
1900
241
3557
156
7255
2206
6506
5817
3105
5594
6643
9934
4446
730
3480
1738
329
4797
7450
5257
7521
9033
6634
7849
4184
1133
9658
2689
6920
390
7841
4709
7157
1259
9973
6396
5477
8482
2708
4024
1309
342
1855
7678
5888
2789
6844
2244
2871
2163
9709
256
4059
4802
5466
2006
2655
8016
4987
9382
4800
44
480
995
7497
7710
5456
3112
2031
7153
8930
7774
6771
2237
4694
2147
8782
5489
7847
8764
6955
5693
2815
6312
3276
9235
7386
7682
1460
5870
9094
6259
8120
2956
3935
212
5308
708
64
3720
1500
1967
5994
5297
9874
313
2642
2600
8277
1277
2774
2472
8675
2373
7644
3853
5429
2552
1532
3832
7617
8143
37
1240
2681
5434
5671
5801
2351
8333
4768
8577
355
2189
5171
3550
9918
675
2299
5926
8181
6789
9259
2067
1336
9873
7138
9545
3891
8759
444
2107
5642
5015
3785
8035
1171
4632
1351
193
5689
6200
5392
6701
5376
3434
9499
7305
3748
1418
