1
2
4
5
7
11
14
19
20
22
24
25
27
29
30
31
34
35
39
40
41
42
43
45
46
49
55
56
58
59
61
66
67
69
70
71
72
76
84
86
88
89
91
95
96
98
100
101
102
104
109
110
113
118
119
121
123
126
131
137
138
139
140
145
149
151
154
155
156
157
167
171
173
180
181
182
183
188
189
190
191
193
198
199
204
205
207
208
210
211
218
219
222
226
228
229
231
232
235
236
238
239
241
242
243
248
249
254
257
268
270
275
277
278
279
282
285
290
291
295
300
301
303
304
306
317
319
321
322
325
329
330
331
333
336
337
340
343
344
345
347
348
354
355
360
363
365
366
367
370
372
375
376
377
380
381
386
390
393
394
395
399
405
407
409
410
411
412
413
416
419
420
422
424
426
430
432
433
434
437
440
441
446
449
450
453
454
455
458
459
463
464
468
473
474
475
477
479
480
482
483
484
485
487
488
491
492
497
499
503
507
509
512
513
514
517
520
523
527
528
533
535
536
537
541
542
543
544
546
547
548
553
554
560
563
569
572
573
575
576
577
582
583
584
588
591
594
595
596
598
599
600
603
605
606
607
612
619
621
622
624
627
629
631
632
635
637
638
643
648
652
655
659
661
666
668
671
672
673
677
680
682
683
684
687
690
695
696
699
701
706
707
709
712
714
715
718
719
720
724
726
727
738
740
743
744
745
748
749
755
758
759
761
764
769
770
772
776
782
783
784
787
791
792
793
794
796
797
803
804
806
807
809
812
813
819
821
822
823
824
826
827
830
832
834
835
836
837
838
842
851
853
856
859
861
863
864
869
871
878
879
881
887
893
894
900
904
905
906
908
909
913
919
920
922
925
930
931
934
937
938
942
943
945
952
953
955
956
957
958
962
963
967
968
970
971
972
974
981
982
984
988
993
994
998
999
1000
1004
1006
1007
1008
1009
1011
1016
1018
1020
1021
1022
1024
1031
1032
1037
1038
1040
1044
1048
1055
1056
1060
1062
1064
1073
1074
1075
1082
1086
1088
1090
1093
1094
1095
1096
1099
1102
1104
1105
1108
1109
1110
1114
1118
1119
1121
1123
1126
1132
1141
1145
1147
1149
1151
1153
1156
1158
1160
1166
1169
1171
1174
1175
1178
1181
1182
1183
1186
1189
1193
1197
1198
1201
1203
1205
1210
1211
1214
1216
1217
1222
1223
1225
1229
1230
1231
1232
1233
1234
1240
1242
1244
1245
1246
1248
1249
1250
1251
1261
1262
1264
1267
1268
1269
1270
1271
1275
1276
1278
1279
1282
1283
1287
1292
1294
1296
1299
1300
1301
1303
1306
1307
1308
1312
1320
1321
1329
1330
1331
1336
1339
1340
1344
1346
1349
1355
1356
1357
1358
1359
1360
1365
1367
1369
1373
1375
1377
1379
1383
1384
1390
1391
1393
1396
1398
1403
1413
1421
1422
1429
1434
1435
1436
1438
1439
1441
1443
1444
1453
1454
1456
1457
1459
1462
1470
1471
1472
1473
1476
1479
1481
1485
1487
1490
1492
1495
1496
1497
1498
1500
1501
1502
1503
1505
1508
1511
1512
1517
1522
1531
1536
1537
1540
1541
1542
1544
1547
1550
1552
1554
1560
1561
1564
1566
1568
1578
1579
1581
1588
1589
1594
1596
1598
1600
1601
1604
1609
1612
1614
1615
1617
1618
1619
1623
1626
1627
1628
1631
1634
1635
1636
1638
1642
1648
1649
1650
1653
1655
1657
1658
1665
1666
1671
1672
1674
1676
1678
1682
1685
1688
1690
1693
1694
1695
1698
1701
1703
1710
1711
1714
1721
1722
1723
1726
1727
1729
1731
1732
1733
1734
1736
1741
1748
1749
1751
1753
1754
1757
1761
1762
1764
1766
1768
1769
1772
1775
1778
1779
1783
1785
1786
1787
1788
1791
1792
1793
1797
1798
1800
1802
1804
1808
1809
1814
1815
1817
1820
1821
1822
1824
1828
1831
1832
1833
1834
1835
1838
1839
1841
1842
1843
1844
1847
1850
1852
1857
1861
1864
1866
1867
1869
1874
1877
1879
1882
1886
1891
1893
1894
1896
1902
1908
1911
1912
1915
1916
1917
1922
1924
1926
1929
1933
1936
1937
1941
1945
1946
1951
1953
1954
1956
1957
1958
1959
1960
1961
1963
1968
1973
1978
1979
1980
1982
1983
1986
1987
1988
1989
1990
1996
1998
2000
2002
2003
2004
2005
2007
2009
2014
2015
2016
2018
2019
2020
2023
2024
2025
2028
2029
2032
2038
2041
2043
2050
2054
2057
2058
2059
2061
2062
2063
2064
2066
2067
2069
2070
2071
2074
2077
2078
2085
2088
2089
2090
2091
2093
2094
2096
2097
2100
2103
2105
2107
2108
2110
2111
2116
2117
2118
2119
2127
2128
2129
2132
2133
2134
2136
2139
2141
2142
2149
2150
2151
2153
2158
2165
2168
2184
2185
2186
2187
2188
2194
2197
2198
2201
2203
2212
2215
2217
2218
2220
2223
2224
2226
2227
2234
2235
2239
2240
2241
2242
2243
2245
2251
2254
2256
2257
2262
2263
2265
2273
2275
2277
2278
2281
2282
2283
2290
2291
2293
2296
2299
2301
2306
2308
2310
2311
2316
2317
2320
2323
2325
2326
2330
2331
2332
2333
2336
2337
2338
2339
2343
2344
2346
2348
2355
2356
2358
2359
2362
2364
2366
2367
2372
2373
2374
2375
2376
2377
2378
2379
2380
2382
2383
2385
2386
2387
2389
2390
2391
2394
2397
2401
2402
2403
2404
2407
2411
2412
2413
2418
2419
2421
2427
2429
2430
2433
2436
2442
2445
2450
2452
2454
2457
2458
2463
2465
2466
2468
2470
2472
2473
2476
2478
2482
2483
2484
2488
2489
2490
2492
2493
2494
2495
2496
2498
2501
2512
2515
2516
2518
2519
2521
2524
2525
2527
2529
2531
2533
2535
2536
2538
2542
2544
2545
2546
2551
2553
2556
2558
2559
2564
2565
2567
2572
2573
2575
2576
2584
2586
2588
2590
2592
2595
2597
2599
2603
2607
2608
2609
2610
2613
2615
2617
2619
2621
2622
2623
2624
2625
2628
2633
2636
2639
2640
2641
2642
2644
2647
2648
2649
2651
2655
2658
2661
2662
2665
2666
2667
2668
2670
2672
2675
2676
2680
2685
2690
2696
2697
2699
2703
2705
2710
2711
2721
2723
2724
2725
2726
2727
2730
2731
2734
2735
2737
2742
2747
2750
2751
2754
2758
2759
2760
2764
2770
2773
2777
2779
2784
2786
2790
2791
2793
2794
2796
2798
2803
2808
2809
2810
2812
2813
2814
2815
2816
2817
2820
2821
2822
2826
2829
2833
2835
2839
2840
2845
2848
2854
2855
2856
2857
2860
2862
2864
2866
2870
2874
2876
2878
2882
2883
2884
2885
2890
2893
2895
2900
2903
2911
2913
2917
2918
2920
2921
2922
2924
2932
2938
2940
2941
2942
2943
2945
2952
2953
2954
2957
2959
2960
2961
2962
2963
2964
2966
2971
2974
2979
2982
2985
2986
2987
2988
2989
2990
2991
2994
2995
2996
2998
2999
3000
3002
3004
3005
3006
3009
3012
3013
3018
3020
3022
3023
3025
3030
3031
3032
3033
3035
3042
3043
3046
3047
3049
3052
3053
3056
3058
3059
3060
3064
3066
3070
3072
3075
3076
3077
3080
3082
3083
3086
3088
3091
3101
3102
3108
3110
3113
3118
3122
3123
3124
3127
3128
3132
3133
3134
3139
3140
3145
3147
3148
3150
3151
3152
3153
3154
3159
3160
3161
3162
3169
3171
3172
3173
3178
3179
3184
3188
3191
3192
3193
3196
3198
3199
3203
3204
3205
3206
3210
3211
3214
3215
3218
3219
3220
3222
3225
3228
3229
3232
3234
3236
3238
3243
3245
3250
3251
3260
3262
3264
3267
3280
3284
3285
3286
3287
3293
3294
3296
3299
3304
3305
3306
3308
3309
3310
3311
3313
3315
3316
3320
3324
3325
3327
3328
3330
3331
3337
3338
3339
3343
3344
3348
3351
3353
3356
3360
3361
3363
3369
3372
3374
3375
3376
3377
3378
3380
3382
3387
3388
3392
3394
3395
3400
3406
3408
3409
3415
3417
3418
3422
3426
3427
3429
3430
3432
3435
3437
3439
3440
3441
3442
3445
3448
3449
3452
3458
3466
3472
3474
3480
3482
3483
3484
3487
3488
3489
3490
3492
3494
3495
3496
3500
3504
3507
3514
3516
3518
3520
3522
3527
3528
3534
3537
3538
3540
3541
3544
3546
3551
3552
3553
3556
3558
3560
3563
3566
3570
3571
3581
3584
3585
3586
3588
3591
3592
3594
3595
3597
3602
3603
3604
3606
3609
3610
3618
3620
3624
3627
3630
3635
3637
3638
3639
3643
3645
3649
3652
3653
3654
3660
3663
3665
3666
3667
3668
3682
3689
3694
3695
3699
3703
3704
3712
3716
3720
3725
3726
3733
3736
3738
3739
3740
3742
3745
3747
3748
3757
3758
3760
3762
3763
3771
3774
3776
3777
3786
3791
3792
3794
3795
3797
3800
3801
3802
3803
3804
3805
3809
3810
3811
3813
3817
3819
3820
3821
3825
3827
3828
3829
3830
3831
3836
3839
3840
3844
3845
3847
3849
3850
3852
3853
3859
3864
3865
3866
3869
3870
3873
3876
3877
3883
3884
3888
3890
3891
3896
3899
3901
3904
3905
3910
3912
3914
3916
3917
3922
3926
3927
3935
3936
3937
3938
3942
3947
3954
3959
3961
3964
3971
3976
3978
3981
3982
3983
3987
3988
3992
3994
3997
4002
4004
4005
4012
4017
4019
4021
4022
4025
4028
4033
4034
4040
4042
4046
4048
4052
4056
4062
4066
4067
4068
4075
4077
4079
4084
4087
4089
4092
4094
4100
4101
4103
4104
4105
4111
4112
4114
4116
4117
4121
4124
4125
4127
4135
4138
4139
4143
4146
4149
4155
4158
4161
4163
4168
4170
4173
4176
4177
4179
4180
4183
4185
4186
4189
4191
4192
4196
4199
4200
4201
4205
4207
4208
4209
4210
4212
4213
4219
4221
4222
4223
4224
4225
4226
4227
4230
4232
4235
4237
4239
4243
4244
4246
4250
4251
4254
4256
4257
4259
4263
4265
4268
4274
4280
4281
4282
4283
4287
4288
4290
4292
4293
4295
4296
4297
4298
4299
4306
4310
4312
4315
4316
4318
4322
4325
4327
4335
4336
4339
4340
4343
4345
4351
4352
4357
4359
4360
4362
4367
4368
4370
4371
4374
4377
4380
4381
4385
4386
4387
4388
4389
4390
4395
4396
4397
4400
4406
4407
4408
4409
4410
4415
4421
4422
4423
4427
4428
4430
4433
4434
4435
4438
4441
4450
4451
4452
4453
4457
4459
4460
4461
4462
4464
4465
4470
4473
4474
4479
4481
4482
4484
4486
4487
4492
4494
4496
4498
4500
4501
4502
4504
4505
4511
4514
4519
4520
4523
4525
4527
4528
4529
4530
4533
4536
4540
4545
4546
4547
4548
4549
4550
4553
4555
4557
4560
4561
4565
4566
4567
4568
4572
4573
4575
4580
4584
4588
4589
4590
4593
4598
4600
4601
4607
4608
4609
4611
4613
4616
4617
4618
4621
4622
4627
4632
4637
4639
4640
4641
4645
4646
4647
4648
4652
4655
4656
4657
4658
4659
4662
4663
4665
4666
4667
4668
4672
4677
4680
4682
4683
4685
4686
4689
4690
4694
4696
4697
4699
4700
4701
4703
4708
4709
4712
4718
4720
4721
4723
4725
4729
4730
4731
4733
4735
4737
4740
4744
4752
4753
4755
4756
4759
4760
4761
4766
4771
4772
4776
4777
4778
4779
4782
4783
4784
4785
4786
4791
4793
4795
4796
4798
4806
4807
4808
4810
4814
4815
4819
4820
4826
4827
4829
4830
4833
4836
4838
4839
4840
4842
4844
4846
4849
4850
4853
4855
4856
4857
4860
4866
4872
4875
4876
4877
4887
4889
4890
4891
4892
4895
4902
4903
4906
4907
4910
4911
4916
4923
4928
4932
4934
4939
4941
4943
4945
4947
4949
4951
4953
4955
4960
4962
4964
4967
4974
4976
4983
4989
4990
4994
4997
4998
4999
