0
2
3
4
6
10
11
14
16
17
18
19
21
22
25
26
28
29
31
32
33
35
39
41
42
46
47
48
49
51
52
53
55
56
57
58
61
62
63
64
65
67
71
72
73
74
75
76
77
78
79
80
82
83
85
88
89
90
92
93
95
96
97
98
99
100
101
103
104
105
107
109
110
111
112
113
116
119
120
127
129
132
135
136
138
140
141
143
149
150
151
152
154
155
156
158
159
163
165
166
167
168
169
170
171
176
177
178
182
183
185
186
188
190
192
197
198
199
201
205
210
211
212
213
214
215
217
218
225
226
227
231
232
233
234
235
237
238
239
243
244
245
246
247
248
249
250
251
254
261
262
265
266
267
268
269
270
274
275
277
281
286
287
288
289
290
291
293
294
298
300
301
302
304
305
307
310
311
312
313
314
315
316
318
323
324
329
330
332
334
336
337
340
341
342
343
344
345
346
349
350
351
353
354
356
357
358
363
367
368
370
371
372
373
376
378
380
382
385
386
389
391
392
395
399
400
405
406
407
408
409
415
416
418
419
421
422
423
424
427
429
431
434
435
436
437
439
442
443
444
445
447
448
449
450
451
452
454
456
457
458
459
460
461
463
464
469
470
474
476
479
480
482
484
485
488
489
497
498
499
501
502
503
509
511
513
514
516
517
518
519
522
523
524
525
530
531
533
534
537
539
540
541
544
549
550
551
553
555
557
558
561
563
566
567
568
572
573
574
577
579
581
582
583
584
585
586
587
588
590
591
593
594
595
598
599
602
603
605
606
607
608
609
611
613
614
615
616
619
620
621
623
624
625
626
627
628
629
630
631
636
638
639
641
643
646
647
649
651
652
654
656
657
658
659
661
663
664
665
668
669
673
674
675
677
678
680
683
684
686
688
689
690
691
692
693
694
695
696
698
699
700
701
704
705
708
710
712
713
714
715
719
720
721
727
728
729
730
731
733
734
735
736
738
741
742
743
744
745
746
747
748
749
750
751
753
756
757
758
759
761
762
765
767
770
771
772
773
777
779
780
782
783
784
785
788
790
791
792
794
795
799
800
801
802
804
805
807
809
810
812
814
816
818
821
823
824
825
828
829
831
832
833
834
836
837
839
840
841
844
848
849
851
853
855
856
858
859
860
861
862
864
866
867
869
870
871
875
876
877
880
885
886
887
888
889
890
892
893
895
897
900
902
903
906
907
908
912
914
917
918
919
920
921
922
923
927
929
930
931
935
936
937
938
941
944
945
946
948
949
952
955
956
960
961
962
963
964
965
967
971
973
974
975
978
980
981
983
984
985
987
988
992
994
996
998
999
1001
1002
1003
1004
1005
1006
1010
1012
1013
1014
1016
1017
1018
1019
1021
1025
1029
1032
1033
1034
1035
1037
1038
1040
1041
1042
1043
1044
1045
1046
1052
1053
1055
1056
1057
1058
1059
1060
1061
1063
1064
1066
1069
1071
1072
1075
1078
1081
1082
1083
1084
1085
1086
1087
1088
1091
1095
1096
1097
1098
1100
1101
1103
1105
1111
1112
1114
1115
1116
1120
1121
1122
1123
1124
1127
1129
1130
1131
1132
1133
1134
1135
1136
1137
1139
1142
1143
1144
1145
1148
1150
1151
1154
1155
1156
1160
1162
1166
1167
1169
1170
1172
1175
1176
1177
1178
1180
1183
1187
1189
1190
1193
1194
1195
1197
1198
1203
1205
1206
1208
1209
1212
1213
1216
1218
1219
1220
1222
1223
1226
1228
1229
1231
1232
1234
1236
1238
1239
1241
1242
1243
1245
1247
1249
1252
1253
1254
1255
1257
1259
1261
1262
1263
1265
1266
1267
1268
1269
1270
1271
1272
1274
1275
1277
1280
1282
1284
1286
1287
1289
1290
1291
1292
1293
1296
1298
1302
1303
1308
1311
1312
1313
1314
1317
1318
1320
1322
1324
1325
1328
1330
1331
1333
1336
1338
1341
1342
1345
1346
1350
1353
1355
1357
1360
1364
1365
1367
1368
1372
1373
1374
1375
1376
1377
1378
1380
1381
1382
1383
1384
1386
1388
1389
1390
1393
1394
1395
1396
1399
1401
1404
1405
1407
1409
1411
1412
1413
1417
1418
1420
1421
1422
1423
1425
1426
1428
1429
1433
1437
1439
1440
1442
1443
1444
1445
1446
1447
1448
1449
1450
1451
1452
1453
1455
1457
1460
1461
1462
1464
1466
1467
1468
1470
1471
1472
1473
1475
1476
1477
1478
1485
1487
1489
1491
1493
1494
1495
1498
1501
1502
1503
1505
1506
1507
1509
1511
1514
1515
1516
1517
1518
1519
1520
1522
1524
1525
1526
1527
1528
1529
1531
1532
1533
1534
1535
1536
1537
1538
1539
1540
1541
1543
1544
1546
1548
1550
1551
1552
1553
1554
1555
1559
1561
1563
1564
1568
1570
1572
1573
1574
1575
1577
1578
1579
1580
1581
1582
1583
1584
1586
1588
1589
1590
1591
1592
1595
1597
1599
1600
1601
1602
1604
1605
1606
1607
1608
1609
1610
1611
1613
1615
1617
1618
1619
1620
1622
1623
1624
1625
1626
1627
1631
1635
1636
1638
1639
1640
1641
1643
1646
1648
1651
1652
1655
1656
1658
1659
1660
1663
1664
1666
1667
1668
1671
1672
1675
1676
1678
1680
1681
1682
1683
1685
1687
1688
1689
1690
1692
1695
1701
1702
1703
1705
1706
1707
1708
1711
1712
1713
1715
1717
1718
1719
1721
1723
1724
1725
1726
1728
1730
1732
1735
1736
1737
1738
1739
1740
1741
1743
1744
1746
1749
1750
1751
1752
1754
1755
1757
1758
1759
1760
1761
1763
1765
1766
1768
1769
1772
1773
1774
1779
1781
1783
1786
1787
1788
1789
1790
1792
1794
1795
1797
1798
1800
1801
1802
1805
1806
1807
1808
1809
1811
1813
1815
1817
1818
1820
1822
1824
1825
1826
1827
1830
1832
1836
1838
1839
1843
1844
1845
1847
1852
1855
1857
1858
1859
1861
1862
1863
1864
1865
1866
1867
1869
1870
1871
1873
1874
1875
1876
1878
1879
1880
1881
1882
1886
1888
1889
1890
1891
1892
1895
1896
1898
1899
1900
1901
1902
1903
1904
1905
1907
1908
1909
1911
1912
1914
1915
1916
1917
1918
1919
1921
1922
1923
1925
1926
1927
1930
1932
1933
1936
1937
1938
1939
1940
1941
1943
1944
1948
1949
1951
1952
1954
1956
1957
1961
1963
1965
1966
1970
1972
1974
1976
1977
1979
1980
1981
1983
1984
1986
1987
1989
1991
1993
1994
1995
1997
2000
2001
2002
2003
2006
2007
2008
2010
2011
2012
2013
2019
2020
2021
2022
2024
2025
2026
2027
2028
2029
2031
2032
2035
2037
2039
2040
2041
2043
2044
2046
2047
2049
2050
2053
2054
2056
2062
2064
2065
2066
2068
2071
2074
2076
2077
2078
2079
2080
2081
2082
2083
2085
2087
2088
2090
2091
2095
2096
2097
2098
2102
2103
2104
2105
2106
2107
2108
2109
2111
2113
2116
2117
2118
2119
2121
2122
2123
2124
2126
2127
2128
2129
2132
2133
2139
2140
2141
2147
2148
2150
2153
2155
2156
2157
2160
2161
2163
2164
2165
2166
2167
2168
2170
2171
2173
2174
2175
2176
2177
2181
2182
2183
2184
2185
2186
2187
2188
2189
2190
2194
2196
2197
2199
2201
2202
2203
2204
2205
2209
2210
2211
2213
2214
2215
2216
2218
2220
2221
2224
2225
2227
2228
2231
2232
2233
2234
2235
2238
2239
2240
2241
2242
2243
2249
2250
2251
2252
2254
2255
2256
2257
2258
2260
2261
2262
2264
2265
2268
2269
2270
2271
2273
2275
2277
2279
2280
2281
2284
2285
2289
2290
2291
2292
2293
2294
2296
2297
2298
2300
2301
2306
2307
2308
2309
2310
2311
2312
2313
2314
2315
2316
2317
2318
2320
2321
2322
2323
2324
2327
2328
2330
2331
2333
2334
2335
2336
2337
2338
2339
2340
2341
2344
2345
2346
2348
2349
2350
2354
2355
2356
2360
2361
2362
2363
2364
2368
2370
2371
2372
2373
2374
2376
2377
2379
2381
2383
2385
2387
2388
2390
2391
2392
2394
2396
2399
2400
2402
2403
2404
2405
2407
2410
2411
2412
2414
2415
2418
2419
2420
2421
2422
2423
2424
2425
2426
2428
2429
2430
2431
2432
2436
2438
2439
2441
2444
2446
2448
2450
2453
2456
2457
2462
2463
2465
2466
2468
2469
2470
2471
2473
2475
2476
2478
2479
2480
2481
2482
2484
2485
2486
2487
2488
2489
2490
2491
2492
2498
2499
2501
2504
2506
2512
2518
2519
2522
2523
2527
2529
2532
2534
2541
2543
2544
2545
2546
2548
2549
2550
2553
2554
2555
2559
2560
2562
2564
2566
2567
2568
2570
2571
2572
2573
2575
2576
2577
2578
2579
2583
2584
2586
2587
2588
2589
2590
2592
2596
2598
2602
2603
2604
2605
2610
2611
2612
2614
2615
2616
2617
2618
2619
2620
2623
2626
2627
2628
2629
2630
2631
2633
2634
2635
2640
2643
2644
2645
2646
2647
2652
2654
2657
2658
2659
2661
2664
2665
2668
2670
2672
2673
2674
2676
2678
2679
2683
2684
2688
2689
2690
2693
2694
2695
2697
2699
2700
2701
2702
2704
2705
2707
2714
2716
2720
2721
2722
2723
2724
2725
2726
2729
2730
2731
2732
2733
2734
2736
2737
2738
2740
2742
2743
2745
2746
2747
2748
2749
2751
2753
2754
2756
2758
2759
2760
2762
2763
2765
2770
2771
2774
2776
2777
2778
2779
2781
2782
2786
2789
2790
2794
2796
2797
2798
2799
2800
2801
2802
2803
2804
2805
2807
2809
2812
2814
2815
2818
2820
2821
2822
2823
2824
2826
2827
2830
2832
2835
2836
2840
2843
2844
2846
2848
2849
2850
2851
2852
2854
2855
2858
2859
2860
2864
2865
2866
2867
2868
2869
2871
2872
2873
2875
2876
2877
2878
2879
2882
2884
2885
2889
2890
2891
2892
2893
2894
2895
2896
2898
2902
2903
2905
2907
2908
2910
2911
2912
2913
2914
2916
2917
2918
2919
2920
2921
2923
2924
2925
2926
2928
2930
2933
2935
2936
2937
2940
2941
2943
2944
2946
2949
2950
2951
2953
2954
2955
2958
2959
2960
2961
2962
2963
2964
2965
2966
2967
2968
2969
2970
2972
2973
2974
2975
2978
2979
2980
2981
2982
2983
2984
2986
2992
2997
2998
2999
3000
3002
3005
3006
3007
3008
3009
3010
3012
3013
3014
3015
3016
3017
3019
3020
3024
3028
3029
3031
3032
3034
3036
3037
3038
3039
3042
3044
3047
3049
3050
3051
3052
3054
3055
3057
3058
3059
3060
3061
3062
3063
3064
3066
3068
3071
3073
3074
3075
3078
3080
3083
3085
3086
3087
3088
3092
3094
3099
3101
3104
3105
3106
3108
3109
3110
3111
3112
3113
3115
3116
3119
3120
3123
3124
3125
3127
3128
3129
3131
3133
3135
3137
3138
3139
3141
3142
3143
3144
3145
3146
3147
3150
3151
3152
3153
3154
3155
3156
3157
3158
3159
3162
3165
3166
3167
3168
3169
3172
3175
3176
3177
3178
3179
3180
3181
3182
3183
3189
3190
3191
3194
3196
3199
3202
3203
3204
3208
3209
3210
3212
3213
3217
3218
3220
3223
3225
3228
3229
3232
3234
3236
3237
3240
3243
3246
3247
3249
3251
3252
3253
3255
3256
3258
3259
3260
3262
3263
3264
3265
3269
3270
3272
3273
3274
3275
3276
3278
3280
3281
3283
3286
3287
3288
3290
3291
3292
3294
3295
3296
3299
3300
3304
3305
3308
3313
3314
3315
3316
3318
3324
3326
3327
3328
3331
3332
3334
3335
3336
3339
3342
3343
3344
3345
3347
3348
3350
3351
3353
3354
3355
3356
3357
3359
3360
3361
3362
3363
3364
3366
3367
3368
3369
3370
3371
3373
3374
3376
3377
3379
3381
3382
3384
3387
3389
3393
3394
3395
3397
3399
3401
3403
3404
3405
3408
3409
3411
3412
3415
3417
3418
3421
3422
3423
3424
3428
3429
3430
3432
3435
3437
3438
3440
3441
3445
3447
3448
3449
3450
3451
3454
3456
3457
3460
3463
3465
3468
3471
3472
3473
3475
3476
3477
3480
3481
3483
3485
3486
3487
3488
3489
3490
3491
3492
3493
3494
3496
3499
3500
3502
3503
3506
3509
3510
3511
3512
3514
3518
3519
3520
3522
3523
3525
3526
3527
3528
3529
3532
3533
3535
3538
3539
3540
3541
3542
3543
3549
3550
3551
3552
3553
3554
3555
3557
3558
3560
3564
3567
3569
3570
3571
3574
3575
3576
3578
3579
3581
3582
3583
3585
3586
3588
3589
3591
3592
3594
3595
3599
3604
3605
3608
3610
3611
3612
3615
3616
3617
3618
3619
3620
3621
3622
3624
3625
3626
3629
3630
3634
3635
3637
3639
3642
3643
3644
3647
3648
3650
3651
3652
3653
3656
3657
3658
3659
3661
3662
3664
3665
3666
3667
3669
3670
3672
3673
3674
3676
3677
3678
3679
3680
3682
3683
3684
3685
3687
3688
3689
3691
3693
3698
3703
3705
3706
3707
3708
3710
3711
3712
3713
3715
3716
3717
3722
3723
3724
3726
3730
3731
3732
3736
3743
3745
3749
3752
3753
3754
3756
3757
3760
3764
3765
3766
3768
3769
3770
3771
3772
3775
3778
3779
3780
3781
3784
3786
3787
3788
3790
3791
3792
3794
3795
3796
3797
3798
3799
3800
3802
3803
3804
3808
3810
3812
3813
3814
3817
3819
3821
3822
3823
3824
3825
3826
3827
3828
3829
3830
3831
3832
3833
3834
3835
3838
3839
3842
3843
3845
3846
3847
3848
3849
3851
3852
3853
3854
3855
3856
3857
3858
3862
3863
3864
3865
3867
3868
3869
3870
3871
3873
3874
3875
3878
3880
3881
3882
3883
3885
3887
3889
3890
3891
3893
3896
3897
3899
3900
3904
3906
3907
3908
3909
3910
3911
3912
3913
3917
3919
3920
3921
3922
3923
3924
3926
3927
3931
3932
3935
3938
3940
3943
3947
3950
3951
3953
3954
3955
3956
3958
3960
3963
3965
3966
3969
3972
3973
3975
3976
3977
3980
3985
3987
3988
3989
3991
3993
3994
3996
3999
4000
4002
4004
4005
4006
4008
4009
4010
4011
4012
4013
4015
4017
4018
4019
4021
4022
4023
4024
4027
4028
4030
4032
4034
4035
4037
4039
4040
4042
4043
4044
4045
4051
4052
4053
4056
4057
4059
4061
4062
4063
4064
4065
4066
4067
4070
4071
4072
4074
4076
4078
4079
4080
4082
4083
4085
4086
4087
4088
4089
4091
4096
4098
4099
4100
4101
4106
4107
4108
4109
4110
4111
4112
4113
4114
4115
4117
4124
4125
4126
4128
4129
4130
4132
4133
4135
4140
4141
4142
4143
4144
4145
4147
4149
4150
4151
4152
4153
4154
4159
4162
4163
4164
4165
4166
4168
4172
4174
4176
4178
4179
4184
4186
4187
4188
4189
4192
4193
4194
4195
4196
4197
4198
4200
4204
4205
4206
4208
4210
4211
4213
4214
4215
4216
4218
4220
4221
4222
4223
4224
4225
4226
4227
4228
4229
4230
4233
4234
4236
4237
4238
4239
4240
4241
4242
4243
4244
4247
4248
4250
4252
4253
4254
4255
4257
4260
4261
4264
4266
4267
4268
4269
4270
4271
4272
4274
4275
4279
4280
4281
4282
4284
4285
4287
4289
4292
4297
4299
4300
4301
4304
4306
4308
4309
4311
4313
4314
4315
4316
4317
4320
4321
4322
4325
4326
4327
4330
4333
4334
4336
4337
4339
4340
4341
4342
4347
4348
4349
4350
4352
4353
4355
4357
4358
4359
4360
4361
4362
4364
4367
4369
4370
4371
4372
4373
4375
4377
4378
4379
4380
4382
4383
4385
4386
4387
4388
4391
4392
4394
4396
4397
4398
4400
4401
4402
4404
4406
4408
4409
4410
4411
4413
4414
4415
4416
4417
4418
4419
4420
4421
4422
4425
4426
4428
4432
4433
4434
4438
4439
4440
4441
4442
4443
4444
4445
4446
4447
4449
4451
4452
4453
4454
4455
4457
4458
4461
4463
4464
4467
4468
4469
4472
4474
4476
4479
4480
4481
4482
4483
4485
4489
4490
4491
4493
4495
4496
4497
4498
4500
4503
4504
4505
4507
4508
4510
4511
4513
4514
4516
4517
4518
4519
4520
4522
4523
4524
4527
4529
4530
4531
4533
4536
4537
4541
4543
4545
4547
4548
4549
4550
4554
4555
4558
4559
4560
4561
4565
4568
4570
4571
4573
4576
4577
4581
4582
4586
4588
4589
4591
4592
4593
4594
4595
4596
4600
4602
4603
4604
4605
4606
4607
4610
4611
4613
4615
4617
4619
4622
4623
4624
4626
4627
4628
4630
4632
4633
4634
4636
4637
4638
4640
4645
4646
4647
4648
4649
4650
4652
4653
4654
4655
4656
4659
4661
4662
4663
4666
4668
4669
4670
4672
4673
4675
4680
4682
4684
4686
4687
4690
4691
4697
4699
4700
4701
4702
4703
4706
4707
4709
4711
4712
4714
4715
4717
4719
4721
4722
4724
4726
4727
4729
4731
4733
4734
4736
4737
4738
4740
4742
4743
4746
4747
4748
4750
4751
4753
4756
4757
4758
4759
4760
4761
4763
4764
4766
4768
4769
4770
4771
4772
4773
4774
4776
4778
4779
4780
4781
4784
4788
4789
4791
4792
4795
4797
4799
4801
4802
4803
4805
4806
4807
4808
4810
4814
4815
4819
4822
4823
4824
4828
4829
4830
4832
4833
4835
4838
4839
4841
4842
4844
4845
4846
4848
4849
4851
4854
4855
4857
4863
4867
4868
4869
4870
4871
4872
4874
4876
4879
4881
4882
4883
4885
4886
4888
4890
4894
4897
4898
4900
4901
4902
4903
4906
4908
4909
4911
4912
4914
4915
4916
4919
4920
4921
4923
4924
4925
4926
4928
4929
4930
4936
4937
4939
4940
4943
4944
4945
4947
4948
4949
4952
4953
4954
4956
4961
4962
4964
4966
4967
4972
4973
4976
4978
4980
4982
4984
4986
4988
4989
4990
4991
4992
4996
4997
4998
4999
