0
4
6
7
8
10
11
13
18
20
21
28
32
33
37
39
40
43
45
51
52
55
57
58
60
62
64
65
67
68
70
75
76
79
80
88
91
100
101
104
108
111
113
115
116
118
121
125
126
127
128
129
135
137
138
141
151
152
154
155
156
157
161
163
164
166
167
168
172
174
175
176
178
179
183
184
186
188
192
193
195
197
200
201
204
205
207
209
210
212
217
219
221
224
225
228
229
232
236
238
241
247
250
254
256
259
263
269
270
274
279
280
282
284
285
292
293
294
295
296
298
299
300
301
302
306
309
312
317
318
322
324
326
328
329
330
331
333
334
336
343
345
347
350
351
352
353
355
356
357
364
366
368
370
373
374
378
379
380
385
387
389
390
392
397
399
403
406
407
409
410
411
413
414
415
416
417
418
420
422
423
429
432
433
434
440
441
444
448
449
450
452
453
456
457
458
461
463
466
471
474
476
482
483
487
488
490
500
503
504
505
508
510
511
513
517
518
521
522
524
526
532
537
540
542
545
549
553
556
558
559
561
563
564
566
567
572
575
576
578
580
582
586
588
592
594
598
603
604
609
615
616
617
619
620
625
630
631
634
638
639
645
646
648
657
658
662
663
664
666
667
668
670
672
674
675
682
683
685
686
696
697
698
701
702
703
706
707
714
717
718
719
721
722
724
726
727
730
731
732
734
736
737
738
739
740
741
746
747
748
749
750
751
753
756
757
762
763
768
770
771
773
774
779
780
781
783
784
785
786
787
789
793
794
795
798
799
800
801
802
804
805
806
807
812
813
815
816
819
822
823
824
829
835
838
848
851
853
857
858
865
866
867
876
884
885
888
889
891
893
900
902
905
907
908
914
916
917
919
921
923
924
926
929
932
936
937
946
947
952
956
958
959
962
963
966
971
976
979
981
982
983
986
987
989
990
992
995
996
998
1001
1003
1006
1008
1010
1015
1016
1017
1018
1021
1026
1027
1028
1030
1032
1033
1037
1038
1039
1041
1042
1045
1046
1048
1050
1053
1054
1056
1057
1061
1063
1069
1071
1076
1080
1082
1085
1089
1094
1096
1097
1099
1100
1102
1107
1108
1110
1111
1113
1114
1115
1119
1121
1123
1124
1125
1128
1131
1132
1133
1136
1137
1138
1139
1142
1149
1150
1151
1154
1155
1156
1157
1159
1160
1168
1170
1172
1173
1174
1175
1176
1179
1182
1187
1188
1190
1192
1196
1197
1198
1199
1203
1204
1207
1208
1210
1212
1218
1221
1224
1225
1226
1230
1234
1238
1241
1245
1247
1252
1258
1260
1265
1273
1275
1278
1281
1282
1283
1286
1287
1288
1291
1297
1306
1309
1311
1312
1318
1319
1320
1322
1323
1331
1340
1341
1343
1345
1346
1347
1354
1357
1360
1363
1366
1370
1376
1379
1380
1383
1384
1385
1386
1388
1389
1390
1391
1394
1395
1396
1399
1401
1402
1406
1407
1408
1410
1412
1413
1414
1415
1417
1419
1421
1422
1424
1425
1427
1428
1430
1436
1439
1440
1441
1442
1444
1447
1450
1451
1452
1455
1457
1459
1461
1463
1465
1466
1467
1469
1471
1475
1480
1481
1483
1484
1488
1490
1491
1494
1496
1497
1498
1501
1504
1508
1512
1516
1517
1518
1520
1522
1526
1530
1531
1536
1539
1540
1542
1547
1548
1551
1552
1553
1554
1555
1556
1559
1560
1561
1562
1563
1564
1566
1568
1573
1575
1577
1581
1584
1590
1591
1592
1593
1597
1598
1599
1600
1605
1610
1613
1616
1619
1623
1627
1629
1633
1637
1644
1646
1647
1648
1655
1663
1667
1674
1675
1676
1678
1679
1683
1686
1687
1690
1692
1693
1694
1695
1701
1702
1705
1707
1708
1711
1712
1714
1715
1720
1725
1726
1727
1728
1729
1731
1733
1738
1739
1742
1744
1746
1747
1749
1750
1751
1752
1757
1760
1762
1766
1767
1768
1770
1771
1773
1774
1777
1780
1781
1783
1785
1792
1793
1794
1795
1796
1797
1799
1801
1805
1807
1808
1812
1813
1815
1816
1819
1820
1824
1831
1833
1834
1840
1844
1845
1846
1847
1849
1851
1852
1859
1861
1863
1864
1865
1869
1874
1875
1877
1880
1885
1886
1887
1888
1889
1890
1892
1896
1902
1906
1907
1910
1912
1915
1917
1919
1920
1924
1925
1928
1933
1934
1936
1945
1947
1949
1951
1952
1953
1954
1959
1964
1965
1968
1969
1971
1972
1973
1974
1975
1976
1985
1986
1988
1993
1994
1997
1999
2001
2002
2004
2006
2015
2016
2017
2018
2019
2021
2023
2025
2028
2029
2032
2033
2035
2036
2037
2045
2048
2049
2051
2057
2058
2059
2060
2062
2064
2072
2076
2080
2082
2085
2086
2089
2090
2093
2094
2097
2100
2104
2107
2109
2110
2111
2112
2114
2115
2117
2120
2121
2122
2124
2125
2132
2134
2135
2137
2140
2142
2143
2144
2146
2148
2152
2154
2155
2158
2160
2161
2163
2164
2172
2173
2174
2175
2177
2181
2182
2188
2195
2197
2198
2200
2206
2209
2210
2211
2215
2216
2218
2228
2233
2234
2236
2238
2242
2244
2245
2247
2248
2249
2251
2253
2255
2261
2264
2266
2272
2273
2274
2279
2283
2285
2288
2292
2295
2297
2298
2299
2302
2309
2312
2316
2321
2322
2326
2327
2329
2331
2336
2342
2345
2348
2349
2350
2351
2352
2357
2363
2364
2365
2367
2370
2378
2381
2382
2388
2390
2396
2397
2398
2400
2403
2404
2408
2409
2411
2412
2414
2419
2426
2427
2429
2432
2433
2436
2438
2443
2445
2446
2448
2449
2452
2453
2455
2457
2463
2464
2465
2467
2469
2475
2476
2477
2478
2480
2481
2483
2486
2488
2489
2491
2493
2496
2498
2501
2504
2507
2509
2510
2513
2516
2517
2518
2519
2523
2524
2531
2532
2534
2535
2537
2541
2543
2544
2551
2552
2556
2559
2560
2561
2566
2569
2573
2574
2575
2578
2580
2585
2587
2588
2589
2592
2593
2595
2599
2603
2604
2605
2611
2615
2617
2618
2620
2625
2627
2629
2633
2635
2636
2637
2638
2639
2640
2641
2642
2643
2646
2647
2648
2655
2656
2657
2664
2665
2669
2670
2671
2675
2679
2680
2681
2683
2688
2691
2692
2693
2697
2698
2699
2700
2701
2704
2706
2711
2712
2717
2718
2719
2720
2724
2729
2730
2731
2732
2742
2743
2748
2749
2750
2755
2756
2758
2760
2763
2767
2768
2774
2779
2781
2796
2801
2803
2805
2808
2809
2811
2813
2814
2816
2817
2818
2820
2823
2824
2825
2827
2828
2829
2831
2837
2838
2840
2841
2845
2853
2856
2859
2862
2867
2868
2873
2874
2879
2880
2883
2885
2886
2889
2890
2891
2894
2895
2902
2906
2914
2915
2916
2918
2923
2927
2929
2930
2931
2936
2938
2939
2940
2942
2946
2947
2949
2950
2955
2964
2966
2967
2971
2972
2974
2975
2977
2979
2981
2982
2984
2985
2990
2993
2996
2997
3001
3002
3003
3006
3011
3018
3019
3022
3024
3025
3027
3028
3029
3030
3033
3036
3038
3044
3046
3050
3052
3055
3056
3057
3058
3060
3064
3066
3071
3072
3073
3075
3079
3080
3081
3082
3083
3087
3088
3090
3093
3097
3100
3101
3103
3105
3107
3109
3112
3116
3117
3125
3134
3138
3139
3140
3141
3142
3143
3144
3150
3153
3156
3158
3159
3161
3163
3165
3168
3169
3172
3175
3176
3179
3182
3184
3187
3188
3189
3190
3197
3199
3200
3201
3204
3205
3213
3214
3219
3222
3225
3227
3238
3239
3243
3247
3249
3251
3252
3253
3254
3258
3259
3262
3263
3270
3272
3273
3274
3277
3279
3283
3288
3290
3291
3292
3295
3297
3303
3308
3309
3310
3312
3318
3319
3324
3328
3334
3336
3339
3340
3341
3350
3352
3355
3356
3358
3359
3364
3367
3369
3371
3372
3374
3377
3386
3387
3389
3390
3391
3392
3393
3394
3397
3398
3401
3403
3405
3408
3415
3416
3419
3420
3421
3425
3427
3428
3431
3432
3434
3435
3437
3441
3442
3447
3449
3457
3458
3459
3461
3462
3464
3465
3466
3467
3469
3472
3473
3476
3477
3478
3479
3482
3485
3486
3487
3488
3494
3496
3498
3499
3500
3502
3505
3509
3511
3514
3516
3517
3520
3521
3525
3527
3528
3530
3533
3535
3536
3538
3541
3543
3545
3546
3548
3549
3551
3552
3553
3554
3557
3558
3559
3561
3564
3566
3567
3571
3576
3577
3579
3580
3582
3584
3590
3592
3595
3597
3602
3605
3608
3615
3616
3617
3618
3619
3620
3623
3624
3625
3628
3629
3631
3632
3636
3637
3640
3641
3646
3651
3652
3654
3658
3659
3660
3662
3664
3666
3667
3671
3672
3673
3674
3676
3677
3678
3682
3683
3684
3685
3687
3688
3690
3694
3697
3699
3701
3702
3705
3706
3707
3711
3712
3713
3716
3720
3721
3725
3733
3735
3749
3750
3751
3752
3753
3754
3759
3760
3761
3763
3768
3769
3771
3772
3773
3774
3776
3777
3787
3789
3794
3799
3801
3804
3806
3812
3813
3822
3826
3827
3841
3848
3850
3853
3855
3857
3861
3870
3878
3879
3883
3887
3889
3890
3893
3897
3900
3901
3902
3904
3909
3910
3912
3915
3916
3921
3923
3924
3928
3933
3934
3935
3936
3938
3939
3948
3954
3959
3962
3963
3966
3967
3970
3974
3975
3976
3977
3979
3983
3984
3985
3987
3990
3991
3995
3998
4000
4001
4003
4004
4007
4008
4013
4021
4022
4024
4027
4028
4029
4030
4031
4035
4036
4037
4038
4039
4045
4046
4052
4053
4055
4056
4058
4061
4068
4071
4077
4078
4079
4082
4083
4084
4085
4086
4088
4089
4091
4092
4093
4094
4095
4098
4103
4105
4110
4114
4116
4119
4120
4123
4126
4129
4133
4145
4146
4147
4149
4154
4160
4162
4166
4167
4168
4172
4173
4175
4180
4183
4188
4189
4192
4194
4195
4199
4200
4201
4203
4204
4210
4212
4213
4214
4219
4221
4222
4225
4227
4228
4231
4232
4233
4234
4236
4237
4242
4243
4252
4256
4260
4262
4267
4269
4271
4276
4277
4280
4283
4286
4288
4291
4294
4300
4305
4309
4311
4312
4314
4315
4319
4320
4323
4324
4325
4330
4332
4335
4336
4341
4345
4346
4352
4354
4355
4357
4358
4359
4362
4363
4365
4371
4372
4373
4374
4376
4378
4383
4389
4391
4399
4400
4404
4406
4408
4410
4413
4414
4419
4420
4421
4424
4425
4428
4431
4437
4438
4439
4440
4443
4444
4446
4448
4449
4463
4464
4466
4468
4469
4471
4472
4476
4477
4479
4480
4488
4490
4495
4496
4497
4500
4501
4503
4504
4508
4509
4510
4512
4513
4514
4515
4516
4518
4525
4526
4532
4533
4536
4540
4544
4550
4551
4552
4554
4557
4558
4562
4563
4567
4568
4569
4571
4574
4577
4578
4580
4584
4585
4587
4589
4591
4592
4593
4600
4601
4603
4606
4617
4618
4619
4620
4629
4632
4636
4637
4639
4640
4642
4646
4650
4658
4659
4663
4667
4669
4670
4671
4675
4679
4681
4685
4690
4692
4693
4697
4698
4699
4700
4702
4704
4707
4715
4719
4728
4730
4731
4732
4733
4737
4738
4740
4745
4746
4747
4749
4754
4755
4757
4758
4760
4762
4763
4764
4766
4770
4775
4779
4782
4784
4785
4789
4793
4794
4795
4796
4797
4798
4804
4806
4808
4812
4813
4814
4816
4819
4827
4835
4836
4837
4839
4840
4843
4847
4848
4852
4855
4856
4858
4862
4866
4867
4868
4871
4877
4883
4889
4890
4891
4892
4893
4896
4900
4901
4904
4905
4907
4909
4913
4914
4915
4917
4919
4920
4923
4932
4933
4935
4936
4937
4939
4940
4943
4947
4949
4951
4954
4955
4957
4961
4962
4963
4970
4972
4973
4975
4976
4977
4983
4984
4989
4990
4992
4996
5000
5002
5005
5016
5023
5026
5031
5032
5034
5035
5036
5039
5041
5049
5054
5057
5058
5061
5063
5064
5065
5068
5069
5070
5071
5073
5075
5077
5079
5083
5086
5087
5088
5091
5093
5095
5098
5100
5102
5105
5108
5109
5112
5114
5115
5118
5120
5123
5126
5128
5129
5131
5133
5135
5136
5143
5144
5148
5149
5151
5156
5157
5166
5167
5169
5171
5175
5176
5180
5183
5184
5185
5190
5193
5194
5199
5200
5201
5202
5204
5206
5213
5217
5230
5233
5234
5235
5237
5238
5239
5240
5242
5243
5244
5245
5248
5253
5254
5257
5259
5261
5267
5269
5272
5273
5276
5277
5278
5281
5283
5286
5287
5288
5289
5292
5294
5297
5298
5300
5301
5303
5305
5308
5313
5315
5319
5323
5325
5327
5329
5330
5337
5338
5350
5351
5355
5357
5359
5362
5367
5371
5375
5376
5380
5382
5384
5385
5386
5391
5396
5398
5399
5402
5403
5404
5405
5408
5409
5412
5413
5414
5415
5416
5418
5420
5422
5428
5432
5438
5444
5445
5449
5451
5453
5455
5461
5465
5468
5472
5473
5474
5478
5481
5483
5485
5489
5494
5497
5499
5500
5503
5505
5506
5507
5508
5513
5518
5524
5526
5528
5529
5534
5537
5542
5543
5544
5546
5553
5554
5555
5557
5558
5561
5566
5569
5572
5573
5575
5577
5578
5580
5582
5584
5586
5587
5588
5589
5590
5591
5592
5593
5594
5595
5597
5598
5602
5605
5606
5607
5610
5613
5615
5620
5621
5622
5623
5624
5626
5627
5628
5629
5630
5633
5634
5636
5641
5643
5647
5648
5649
5651
5652
5655
5658
5659
5660
5661
5665
5670
5674
5675
5680
5686
5688
5690
5692
5693
5698
5701
5708
5709
5710
5714
5716
5718
5722
5724
5730
5732
5733
5734
5735
5736
5738
5739
5741
5742
5745
5746
5749
5751
5753
5758
5759
5760
5761
5762
5764
5765
5767
5773
5774
5783
5784
5787
5789
5790
5791
5793
5794
5796
5799
5800
5804
5807
5810
5812
5813
5818
5822
5824
5826
5827
5831
5836
5837
5839
5843
5845
5846
5852
5853
5859
5862
5866
5869
5870
5871
5875
5877
5878
5879
5882
5888
5895
5896
5897
5899
5901
5902
5903
5904
5906
5917
5919
5928
5929
5933
5934
5945
5948
5950
5951
5952
5954
5955
5956
5959
5960
5961
5965
5966
5968
5969
5970
5971
5980
5985
5987
5991
5993
5998
6003
6005
6007
6008
6012
6013
6015
6016
6019
6022
6023
6027
6028
6030
6031
6033
6035
6036
6041
6044
6045
6047
6049
6052
6054
6055
6056
6057
6061
6064
6065
6069
6070
6071
6076
6079
6080
6081
6083
6087
6089
6090
6095
6101
6102
6103
6104
6107
6110
6111
6112
6114
6119
6123
6125
6132
6136
6137
6145
6147
6150
6151
6152
6154
6158
6159
6162
6167
6168
6170
6171
6172
6174
6177
6179
6183
6186
6191
6192
6194
6196
6197
6199
6200
6201
6202
6206
6209
6212
6215
6216
6218
6219
6222
6224
6229
6234
6236
6239
6243
6244
6245
6246
6249
6250
6253
6254
6256
6257
6259
6261
6262
6265
6268
6272
6274
6276
6277
6278
6283
6285
6287
6288
6289
6290
6292
6293
6300
6301
6303
6304
6305
6306
6307
6310
6312
6315
6316
6319
6324
6325
6330
6331
6334
6337
6338
6340
6342
6345
6346
6351
6352
6355
6356
6357
6361
6364
6366
6367
6374
6375
6381
6383
6384
6385
6389
6390
6391
6393
6394
6396
6399
6404
6405
6411
6413
6414
6415
6417
6418
6426
6433
6436
6437
6438
6440
6441
6443
6445
6459
6462
6463
6471
6473
6476
6477
6482
6483
6484
6485
6487
6488
6490
6491
6492
6498
6503
6504
6505
6509
6510
6512
6517
6521
6522
6523
6525
6529
6531
6532
6535
6536
6538
6539
6543
6544
6547
6553
6554
6556
6557
6558
6560
6564
6565
6566
6572
6573
6574
6580
6581
6582
6583
6588
6592
6594
6597
6601
6606
6611
6613
6614
6616
6617
6618
6621
6625
6626
6627
6628
6632
6633
6634
6636
6647
6649
6650
6652
6654
6657
6659
6662
6663
6664
6665
6668
6669
6676
6678
6679
6680
6683
6685
6690
6691
6692
6697
6700
6703
6708
6714
6720
6728
6731
6733
6739
6742
6744
6745
6748
6752
6756
6762
6763
6765
6767
6769
6771
6774
6776
6782
6789
6790
6791
6793
6794
6797
6799
6801
6802
6806
6810
6816
6821
6822
6823
6825
6840
6845
6846
6847
6854
6860
6861
6864
6865
6869
6871
6873
6874
6878
6880
6881
6883
6884
6888
6889
6891
6892
6894
6897
6901
6903
6905
6906
6912
6913
6914
6915
6918
6920
6922
6924
6927
6930
6931
6932
6933
6934
6935
6936
6939
6941
6943
6946
6948
6951
6958
6961
6963
6964
6966
6970
6971
6972
6975
6982
6984
6985
6988
6989
6990
6994
7001
7002
7003
7006
7007
7011
7012
7016
7017
7018
7022
7023
7024
7025
7026
7027
7028
7029
7031
7035
7037
7038
7044
7045
7046
7048
7051
7058
7059
7065
7069
7070
7071
7072
7073
7075
7076
7078
7086
7092
7093
7095
7097
7099
7101
7107
7109
7110
7113
7116
7120
7121
7122
7123
7129
7130
7132
7133
7134
7135
7137
7141
7142
7146
7147
7154
7158
7163
7165
7166
7169
7172
7175
7183
7185
7186
7188
7194
7196
7198
7201
7208
7209
7212
7213
7214
7218
7221
7225
7227
7230
7231
7234
7235
7239
7241
7242
7243
7244
7246
7248
7253
7254
7257
7259
7263
7264
7266
7267
7268
7269
7273
7274
7275
7284
7285
7286
7287
7289
7291
7296
7298
7299
7301
7303
7305
7306
7310
7316
7317
7318
7321
7323
7325
7326
7328
7330
7331
7332
7338
7339
7344
7346
7347
7348
7350
7351
7353
7356
7359
7363
7369
7370
7373
7374
7377
7378
7380
7381
7383
7385
7386
7387
7388
7392
7393
7396
7399
7401
7405
7406
7407
7410
7412
7414
7420
7425
7427
7429
7430
7431
7436
7437
7439
7440
7441
7443
7444
7445
7449
7451
7453
7459
7460
7462
7463
7466
7467
7470
7471
7472
7476
7477
7478
7479
7480
7481
7483
7484
7492
7494
7497
7502
7505
7511
7513
7518
7523
7525
7527
7530
7540
7542
7550
7553
7554
7555
7556
7557
7560
7561
7562
7563
7564
7571
7572
7573
7575
7576
7577
7581
7584
7588
7590
7591
7593
7594
7600
7601
7602
7607
7609
7611
7612
7613
7615
7623
7624
7625
7627
7628
7629
7630
7631
7633
7639
7640
7642
7643
7644
7645
7646
7647
7649
7650
7653
7657
7659
7660
7664
7668
7672
7675
7680
7681
7684
7686
7687
7688
7689
7691
7692
7693
7694
7698
7700
7701
7702
7704
7707
7708
7711
7712
7713
7714
7715
7716
7718
7719
7720
7722
7725
7730
7731
7735
7737
7739
7741
7742
7746
7747
7752
7758
7759
7766
7767
7770
7774
7776
7779
7781
7783
7785
7789
7792
7795
7797
7799
7800
7801
7803
7807
7808
7809
7810
7814
7815
7817
7818
7822
7824
7826
7828
7830
7835
7836
7838
7840
7844
7845
7846
7847
7849
7853
7855
7859
7861
7863
7865
7866
7873
7874
7876
7878
7879
7880
7882
7886
7888
7889
7891
7894
7901
7902
7904
7908
7911
7913
7919
7921
7929
7930
7932
7935
7936
7937
7938
7942
7943
7945
7946
7950
7951
7954
7956
7957
7958
7959
7962
7964
7970
7971
7974
7976
7977
7978
7983
7987
7988
7989
7990
7991
7992
7996
7997
7998
7999
8002
8003
8005
8006
8008
8012
8013
8015
8023
8027
8030
8031
8037
8038
8040
8041
8042
8048
8050
8051
8057
8059
8060
8062
8068
8069
8072
8079
8083
8092
8093
8094
8097
8098
8104
8109
8113
8118
8119
8120
8127
8129
8130
8133
8134
8135
8136
8137
8139
8144
8149
8155
8156
8157
8158
8163
8165
8166
8168
8172
8174
8175
8176
8177
8180
8181
8182
8184
8185
8187
8191
8193
8195
8197
8200
8202
8204
8205
8206
8208
8210
8211
8212
8213
8217
8222
8224
8231
8236
8242
8247
8248
8249
8252
8255
8256
8257
8258
8260
8261
8262
8266
8267
8268
8271
8272
8279
8282
8283
8284
8285
8288
8291
8293
8294
8298
8302
8303
8304
8308
8310
8311
8312
8313
8314
8315
8316
8317
8320
8321
8322
8324
8325
8327
8330
8331
8333
8335
8336
8338
8339
8340
8342
8343
8346
8349
8357
8360
8361
8368
8369
8370
8374
8376
8379
8384
8390
8392
8399
8407
8408
8410
8412
8414
8417
8418
8420
8422
8426
8429
8430
8431
8435
8436
8437
8438
8439
8440
8442
8444
8446
8453
8456
8457
8459
8461
8466
8468
8469
8475
8476
8479
8481
8483
8484
8485
8487
8492
8494
8495
8499
8501
8502
8511
8512
8521
8531
8532
8535
8536
8537
8540
8543
8545
8548
8550
8554
8556
8563
8565
8568
8574
8578
8580
8582
8585
8586
8587
8588
8592
8593
8595
8596
8598
8599
8605
8606
8610
8611
8612
8614
8618
8622
8624
8626
8627
8628
8629
8630
8631
8633
8634
8635
8637
8638
8639
8642
8643
8644
8647
8657
8658
8660
8661
8662
8665
8667
8669
8675
8676
8681
8683
8685
8687
8697
8701
8702
8703
8704
8705
8710
8711
8715
8716
8718
8720
8722
8724
8725
8730
8732
8733
8736
8737
8742
8746
8748
8749
8750
8757
8758
8761
8767
8768
8769
8772
8773
8775
8781
8784
8785
8786
8790
8793
8799
8800
8801
8802
8803
8804
8809
8810
8816
8819
8820
8821
8822
8826
8827
8828
8835
8836
8837
8841
8844
8846
8852
8853
8855
8856
8859
8860
8862
8865
8867
8868
8870
8874
8875
8876
8877
8878
8880
8886
8887
8889
8893
8894
8895
8896
8898
8899
8901
8903
8906
8908
8910
8916
8925
8930
8938
8944
8947
8950
8954
8956
8957
8958
8962
8966
8967
8969
8970
8971
8973
8975
8977
8978
8981
8984
8985
8991
8993
8997
9001
9002
9003
9004
9005
9006
9009
9012
9013
9014
9015
9017
9021
9024
9025
9026
9032
9033
9035
9037
9040
9042
9046
9047
9051
9054
9055
9058
9062
9063
9064
9065
9066
9069
9070
9071
9072
9073
9074
9075
9076
9079
9080
9081
9082
9083
9084
9088
9096
9097
9106
9107
9114
9117
9121
9123
9125
9127
9130
9131
9132
9135
9137
9138
9143
9144
9145
9146
9148
9149
9151
9154
9159
9160
9163
9165
9168
9170
9171
9173
9174
9177
9179
9182
9184
9187
9190
9192
9193
9194
9197
9202
9204
9205
9210
9213
9214
9216
9218
9220
9221
9222
9225
9226
9229
9238
9241
9243
9251
9252
9256
9260
9261
9266
9270
9275
9276
9277
9279
9281
9282
9287
9294
9295
9303
9304
9305
9306
9307
9308
9311
9314
9315
9316
9320
9321
9322
9328
9332
9333
9339
9340
9341
9344
9345
9348
9349
9353
9358
9360
9362
9368
9374
9375
9376
9378
9382
9385
9387
9393
9394
9396
9397
9401
9402
9406
9407
9411
9412
9413
9416
9420
9423
9424
9426
9429
9431
9432
9437
9440
9444
9445
9447
9448
9449
9452
9453
9457
9459
9460
9462
9467
9468
9469
9470
9475
9479
9480
9482
9490
9491
9492
9495
9498
9500
9501
9503
9506
9508
9515
9516
9518
9521
9524
9526
9532
9533
9535
9538
9542
9543
9544
9545
9547
9552
9554
9555
9557
9561
9563
9565
9566
9569
9574
9576
9579
9582
9583
9585
9587
9588
9589
9590
9592
9596
9598
9599
9601
9610
9612
9616
9618
9624
9627
9628
9632
9633
9634
9636
9637
9640
9642
9644
9648
9649
9651
9652
9653
9654
9656
9657
9661
9662
9664
9668
9670
9671
9674
9676
9680
9684
9689
9691
9693
9711
9712
9715
9716
9720
9725
9726
9727
9729
9730
9732
9734
9737
9738
9739
9740
9741
9742
9748
9750
9751
9753
9755
9758
9762
9766
9770
9771
9774
9775
9777
9781
9786
9787
9788
9789
9792
9793
9794
9796
9797
9799
9802
9804
9806
9807
9808
9811
9819
9821
9833
9834
9836
9842
9847
9852
9856
9857
9865
9871
9873
9879
9883
9884
9889
9891
9892
9893
9894
9895
9897
9902
9905
9907
9911
9915
9918
9920
9921
9924
9925
9926
9927
9928
9934
9935
9938
9939
9940
9942
9943
9945
9953
9959
9960
9963
9964
9974
9976
9978
9979
9984
9985
9986
9987
9989
9991
9993
9994
9996
9998
9999
