0
1
3
4
7
8
9
11
13
14
17
19
20
21
22
23
24
29
30
32
33
35
36
37
39
40
42
43
44
46
47
48
49
50
51
54
58
59
60
61
63
65
66
69
70
72
73
75
79
84
85
86
93
94
95
96
98
100
107
108
109
110
111
113
114
115
117
120
121
123
124
126
129
134
136
137
138
140
143
145
146
147
149
151
152
153
155
156
157
162
165
170
176
177
181
184
185
186
187
193
194
195
196
197
198
199
202
203
204
207
209
212
213
214
215
217
219
220
226
228
229
232
234
240
241
242
248
255
257
258
262
264
267
269
272
278
280
282
283
292
294
298
300
302
304
305
310
314
315
321
323
324
326
328
329
331
335
336
337
339
342
343
344
345
347
350
352
353
355
357
358
361
363
364
366
372
374
375
377
378
379
380
382
383
384
386
388
389
391
392
394
406
408
409
411
414
415
418
422
423
424
425
431
433
436
437
439
440
441
442
443
444
447
449
450
452
453
454
458
461
462
465
466
469
470
471
475
478
480
483
485
486
487
488
495
496
499
501
505
506
507
508
510
511
515
517
519
520
525
527
531
533
534
536
537
538
543
544
550
551
552
554
555
557
558
559
560
561
562
563
564
567
569
571
572
573
574
576
577
580
581
582
583
586
587
592
593
594
597
598
603
604
605
607
609
610
611
614
615
616
618
619
621
623
629
630
631
632
634
635
636
638
639
642
644
646
647
650
655
657
659
664
668
670
671
672
673
676
678
681
683
686
687
689
690
692
693
694
696
697
698
699
700
701
702
703
704
706
707
709
710
711
714
718
720
721
722
723
724
725
727
728
729
733
742
744
745
746
747
749
752
757
763
764
765
767
768
769
770
772
773
775
777
780
782
783
785
788
794
796
799
800
801
804
807
809
811
815
820
821
822
823
824
825
826
829
831
832
833
834
838
839
841
843
844
845
846
847
848
849
850
851
855
857
858
859
861
867
868
869
870
873
875
877
879
884
885
887
888
890
891
892
899
900
902
903
906
908
912
913
915
924
925
929
931
932
933
934
937
940
941
943
944
945
950
952
953
954
955
956
957
958
959
960
961
962
965
966
967
968
971
972
974
975
979
980
982
984
985
987
988
989
1000
1001
1003
1006
1009
1010
1011
1012
1017
1019
1021
1026
1027
1028
1034
1036
1037
1040
1042
1045
1048
1050
1056
1059
1060
1062
1065
1066
1067
1068
1070
1071
1072
1073
1074
1075
1078
1083
1084
1085
1088
1091
1092
1098
1102
1103
1108
1110
1112
1117
1118
1119
1120
1122
1126
1127
1128
1132
1133
1135
1137
1139
1140
1149
1150
1152
1153
1154
1156
1159
1161
1162
1163
1164
1165
1168
1171
1174
1175
1180
1184
1185
1190
1192
1193
1197
1198
1199
1200
1201
1204
1205
1211
1213
1217
1218
1219
1223
1224
1225
1226
1228
1230
1233
1234
1240
1242
1244
1248
1249
1250
1252
1255
1256
1257
1258
1259
1262
1263
1265
1266
1267
1273
1274
1275
1276
1281
1283
1284
1285
1294
1295
1297
1299
1301
1303
1306
1307
1308
1310
1315
1316
1318
1319
1323
1326
1328
1329
1330
1331
1332
1333
1336
1337
1340
1341
1342
1343
1346
1347
1348
1350
1356
1357
1358
1362
1365
1366
1368
1369
1372
1374
1375
1378
1379
1380
1381
1384
1387
1388
1390
1391
1392
1394
1395
1397
1398
1401
1402
1403
1405
1406
1408
1413
1415
1417
1421
1423
1424
1425
1428
1429
1430
1431
1432
1434
1436
1437
1438
1439
1442
1443
1448
1450
1454
1455
1456
1457
1458
1459
1465
1466
1471
1474
1475
1476
1477
1479
1482
1483
1484
1486
1489
1490
1491
1492
1494
1495
1496
1497
1499
1500
1501
1502
1504
1508
1510
1512
1513
1514
1515
1517
1519
1521
1523
1525
1526
1527
1528
1531
1532
1535
1537
1539
1540
1541
1544
1547
1548
1549
1553
1554
1555
1556
1558
1559
1562
1566
1567
1568
1569
1571
1578
1579
1581
1583
1585
1587
1588
1589
1591
1593
1597
1598
1599
1602
1604
1605
1606
1608
1609
1612
1614
1615
1620
1621
1623
1624
1625
1631
1632
1635
1636
1639
1640
1643
1644
1645
1647
1649
1651
1655
1657
1661
1662
1663
1667
1668
1669
1670
1673
1674
1675
1676
1680
1691
1692
1693
1694
1697
1699
1701
1702
1703
1704
1706
1707
1708
1710
1713
1714
1717
1718
1721
1722
1723
1724
1728
1729
1730
1732
1734
1742
1744
1745
1748
1755
1756
1757
1761
1762
1763
1766
1773
1774
1775
1780
1785
1787
1790
1791
1795
1800
1801
1807
1808
1813
1814
1815
1816
1817
1819
1821
1822
1824
1828
1829
1830
1832
1834
1835
1837
1839
1840
1846
1847
1849
1850
1856
1858
1860
1862
1863
1864
1865
1866
1867
1868
1869
1871
1872
1874
1875
1876
1877
1878
1881
1883
1884
1885
1886
1888
1889
1890
1891
1893
1894
1896
1898
1899
1904
1905
1909
1910
1916
1917
1922
1923
1924
1925
1928
1930
1931
1933
1934
1935
1939
1941
1943
1946
1947
1948
1950
1951
1955
1958
1959
1963
1969
1973
1974
1977
1990
1991
1996
1997
1998
2000
2001
2002
2005
2008
2009
2010
2013
2018
2022
2024
2025
2032
2033
2035
2040
2041
2043
2046
2048
2049
2050
2051
2052
2053
2058
2060
2062
2063
2064
2067
2068
2069
2070
2073
2075
2081
2083
2084
2085
2086
2087
2089
2091
2092
2098
2106
2108
2110
2114
2116
2117
2118
2119
2120
2122
2126
2129
2134
2139
2140
2141
2142
2143
2145
2146
2149
2151
2152
2154
2158
2159
2160
2161
2162
2163
2164
2166
2167
2168
2171
2178
2179
2182
2183
2184
2185
2186
2188
2189
2190
2192
2193
2194
2195
2196
2197
2199
2200
2201
2204
2208
2209
2210
2211
2212
2214
2215
2219
2221
2224
2225
2230
2231
2233
2236
2237
2239
2241
2242
2243
2244
2245
2247
2250
2252
2254
2255
2256
2258
2261
2263
2265
2267
2268
2271
2274
2275
2276
2282
2283
2284
2286
2287
2288
2289
2293
2296
2297
2298
2301
2303
2305
2306
2309
2310
2311
2312
2313
2314
2317
2321
2323
2326
2329
2331
2333
2334
2335
2337
2339
2341
2344
2345
2347
2348
2350
2352
2359
2360
2363
2364
2365
2368
2369
2370
2372
2373
2375
2378
2379
2380
2382
2384
2386
2389
2390
2393
2396
2397
2399
2400
2402
2404
2406
2407
2409
2411
2413
2414
2415
2417
2419
2421
2422
2424
2425
2427
2430
2432
2433
2434
2436
2438
2439
2440
2442
2444
2445
2446
2448
2451
2454
2455
2457
2460
2461
2462
2463
2464
2465
2466
2468
2472
2475
2478
2480
2481
2482
2484
2485
2486
2487
2488
2496
2498
2499
2500
2501
2505
2506
2507
2511
2512
2514
2516
2517
2520
2522
2523
2526
2527
2528
2530
2531
2533
2535
2538
2539
2540
2544
2545
2547
2548
2549
2550
2552
2554
2555
2557
2558
2561
2562
2563
2566
2568
2569
2570
2571
2572
2573
2576
2577
2579
2580
2581
2585
2586
2588
2592
2594
2595
2596
2598
2602
2604
2606
2609
2610
2611
2613
2614
2616
2619
2620
2623
2624
2625
2626
2629
2630
2632
2633
2634
2637
2638
2639
2641
2643
2645
2651
2652
2654
2658
2662
2663
2665
2666
2668
2672
2678
2680
2681
2683
2688
2691
2693
2695
2696
2697
2700
2701
2703
2705
2706
2707
2708
2710
2712
2713
2714
2715
2718
2719
2720
2721
2722
2723
2724
2726
2727
2730
2731
2732
2734
2736
2738
2740
2743
2744
2747
2751
2752
2753
2754
2755
2759
2761
2762
2764
2765
2769
2770
2777
2778
2779
2781
2786
2788
2790
2792
2794
2796
2800
2801
2803
2804
2806
2807
2808
2809
2810
2812
2814
2815
2816
2819
2821
2822
2826
2827
2829
2834
2837
2838
2839
2843
2844
2846
2848
2851
2854
2856
2857
2858
2861
2862
2863
2867
2875
2876
2877
2883
2884
2889
2892
2894
2895
2899
2900
2901
2902
2903
2904
2905
2906
2908
2909
2912
2913
2914
2916
2917
2919
2920
2922
2924
2925
2926
2927
2929
2930
2931
2932
2933
2935
2936
2937
2940
2941
2942
2944
2946
2950
2952
2953
2954
2955
2958
2960
2961
2964
2965
2976
2977
2978
2979
2980
2982
2984
2987
2992
2993
2994
2999
3000
3002
3003
3004
3008
3010
3012
3016
3018
3019
3021
3023
3027
3028
3029
3030
3031
3032
3035
3036
3040
3042
3043
3045
3047
3051
3052
3054
3057
3062
3063
3065
3066
3068
3070
3073
3074
3076
3078
3080
3081
3084
3085
3088
3089
3090
3091
3092
3094
3096
3097
3099
3102
3103
3104
3105
3111
3112
3116
3118
3120
3121
3124
3125
3127
3131
3133
3134
3138
3140
3141
3142
3147
3151
3153
3155
3157
3160
3163
3164
3166
3169
3170
3171
3172
3174
3175
3176
3178
3182
3184
3185
3186
3187
3189
3193
3196
3197
3198
3199
3202
3204
3205
3208
3210
3211
3213
3217
3218
3219
3221
3224
3226
3230
3232
3234
3237
3239
3240
3242
3245
3249
3251
3253
3254
3256
3258
3260
3261
3262
3264
3266
3268
3269
3271
3273
3274
3275
3277
3280
3281
3284
3286
3289
3290
3293
3296
3297
3298
3299
3300
3303
3305
3306
3307
3308
3309
3310
3311
3313
3314
3316
3317
3318
3320
3321
3322
3324
3329
3330
3332
3335
3340
3341
3345
3347
3348
3349
3350
3351
3352
3355
3356
3357
3359
3364
3366
3368
3369
3370
3371
3373
3374
3375
3376
3382
3383
3384
3386
3388
3389
3390
3391
3392
3393
3394
3395
3396
3397
3398
3400
3401
3403
3404
3407
3409
3411
3412
3413
3414
3416
3418
3419
3422
3423
3425
3427
3428
3432
3433
3435
3436
3438
3439
3440
3441
3443
3444
3446
3447
3449
3450
3452
3453
3456
3457
3459
3461
3462
3463
3464
3467
3468
3469
3470
3471
3474
3475
3476
3477
3478
3480
3481
3482
3483
3487
3488
3489
3490
3491
3492
3493
3497
3499
3501
3502
3504
3505
3508
3509
3511
3513
3514
3515
3516
3517
3520
3522
3528
3529
3532
3534
3536
3537
3541
3542
3544
3546
3549
3553
3555
3556
3557
3559
3560
3561
3562
3563
3565
3566
3569
3570
3572
3573
3574
3575
3576
3578
3581
3582
3583
3586
3587
3589
3590
3591
3592
3594
3595
3597
3598
3601
3603
3606
3607
3610
3613
3614
3615
3617
3618
3620
3621
3622
3623
3625
3627
3630
3631
3632
3633
3634
3635
3637
3639
3640
3641
3643
3644
3645
3647
3648
3649
3651
3654
3661
3662
3666
3667
3670
3673
3674
3675
3676
3678
3679
3680
3685
3688
3690
3691
3694
3696
3699
3701
3703
3705
3706
3708
3714
3719
3720
3729
3733
3734
3736
3741
3742
3745
3748
3750
3752
3755
3757
3758
3759
3760
3762
3764
3766
3767
3768
3769
3770
3771
3772
3774
3775
3776
3779
3781
3782
3784
3785
3786
3791
3792
3793
3795
3796
3797
3798
3799
3802
3805
3811
3813
3815
3816
3817
3820
3822
3826
3829
3831
3832
3833
3835
3836
3837
3838
3842
3844
3845
3847
3849
3854
3855
3858
3859
3861
3864
3865
3866
3867
3868
3869
3870
3871
3872
3874
3875
3877
3879
3881
3882
3883
3886
3888
3890
3891
3892
3893
3896
3897
3898
3899
3900
3902
3904
3907
3908
3909
3911
3914
3915
3916
3917
3922
3923
3925
3927
3929
3932
3934
3935
3936
3937
3939
3941
3945
3948
3951
3958
3962
3963
3964
3966
3967
3968
3969
3970
3971
3972
3976
3978
3982
3986
3988
3989
3990
3991
3993
3996
3997
3998
4001
4002
4003
4004
4008
4013
4014
4021
4022
4025
4027
4028
4029
4031
4032
4033
4034
4035
4037
4039
4043
4044
4046
4047
4048
4049
4052
4053
4054
4056
4057
4058
4059
4064
4066
4069
4071
4072
4074
4078
4080
4083
4084
4090
4091
4092
4093
4094
4095
4098
4100
4101
4102
4103
4107
4108
4111
4116
4117
4119
4124
4125
4127
4128
4129
4131
4132
4140
4143
4145
4146
4148
4150
4152
4154
4155
4156
4157
4158
4160
4163
4164
4165
4166
4167
4168
4170
4171
4172
4175
4176
4178
4180
4184
4187
4188
4189
4192
4194
4201
4202
4203
4205
4208
4211
4213
4215
4217
4218
4222
4224
4225
4226
4228
4232
4234
4237
4238
4245
4246
4249
4250
4251
4252
4254
4256
4257
4258
4261
4262
4263
4264
4265
4266
4270
4272
4273
4276
4278
4279
4280
4281
4283
4285
4286
4290
4293
4299
4300
4301
4302
4305
4307
4309
4310
4311
4312
4316
4317
4318
4319
4320
4321
4322
4324
4325
4328
4329
4337
4339
4342
4343
4344
4345
4348
4349
4351
4352
4353
4356
4359
4361
4362
4363
4365
4368
4369
4370
4373
4374
4376
4379
4380
4383
4385
4389
4390
4391
4393
4394
4395
4396
4397
4400
4402
4404
4406
4407
4409
4410
4416
4417
4418
4421
4423
4425
4426
4427
4428
4429
4430
4431
4436
4437
4438
4439
4442
4443
4445
4446
4450
4451
4452
4453
4454
4459
4461
4464
4465
4466
4468
4469
4470
4471
4472
4474
4477
4478
4481
4482
4484
4487
4488
4489
4490
4497
4498
4499
4503
4507
4508
4509
4510
4511
4512
4513
4518
4519
4520
4526
4527
4528
4532
4533
4534
4535
4536
4537
4540
4542
4544
4545
4547
4548
4550
4551
4553
4556
4558
4559
4561
4562
4563
4564
4565
4567
4568
4570
4572
4575
4581
4582
4584
4590
4591
4592
4593
4594
4596
4598
4601
4602
4608
4612
4613
4614
4617
4618
4619
4620
4621
4624
4626
4627
4628
4630
4631
4632
4635
4636
4637
4638
4640
4645
4647
4650
4651
4652
4654
4655
4656
4664
4666
4671
4672
4673
4677
4680
4681
4682
4683
4686
4687
4688
4689
4692
4693
4695
4696
4697
4698
4700
4701
4705
4709
4712
4713
4715
4716
4718
4720
4725
4726
4729
4734
4736
4737
4738
4740
4742
4743
4744
4746
4748
4750
4751
4752
4753
4755
4757
4758
4761
4763
4764
4765
4766
4768
4771
4773
4774
4775
4781
4782
4783
4787
4788
4789
4792
4794
4796
4797
4804
4806
4808
4809
4811
4812
4813
4814
4815
4816
4817
4818
4820
4821
4824
4827
4828
4829
4830
4831
4833
4834
4836
4839
4840
4841
4843
4844
4846
4853
4854
4857
4858
4859
4861
4863
4868
4869
4870
4875
4878
4880
4881
4882
4884
4886
4887
4889
4891
4893
4894
4895
4897
4898
4899
4900
4903
4905
4909
4910
4911
4912
4914
4917
4918
4920
4921
4922
4923
4924
4926
4931
4933
4934
4935
4939
4941
4942
4943
4944
4945
4948
4950
4951
4952
4955
4956
4957
4967
4968
4971
4972
4973
4974
4975
4976
4977
4980
4981
4982
4984
4985
4987
4989
4991
4994
4996
5002
5005
5006
5008
5009
5010
5012
5013
5015
5016
5018
5026
5028
5035
5038
5039
5040
5041
5042
5043
5045
5047
5048
5050
5051
5053
5058
5059
5060
5061
5063
5065
5067
5071
5074
5077
5078
5082
5083
5091
5092
5093
5094
5095
5096
5100
5101
5102
5103
5104
5105
5106
5107
5109
5111
5112
5117
5119
5122
5123
5124
5128
5129
5134
5135
5137
5139
5140
5141
5144
5147
5148
5155
5156
5157
5160
5161
5163
5165
5166
5170
5174
5175
5179
5180
5183
5186
5188
5189
5190
5191
5194
5195
5196
5197
5199
5201
5204
5205
5207
5208
5209
5210
5212
5213
5214
5215
5218
5220
5222
5223
5226
5229
5232
5233
5234
5240
5242
5243
5247
5249
5253
5254
5255
5256
5257
5258
5261
5263
5264
5267
5273
5274
5275
5276
5278
5279
5282
5283
5284
5286
5287
5289
5290
5296
5297
5298
5300
5301
5303
5305
5307
5308
5313
5315
5317
5323
5324
5325
5330
5334
5337
5338
5343
5346
5348
5349
5356
5361
5364
5366
5367
5370
5371
5372
5375
5380
5381
5382
5385
5387
5388
5389
5392
5393
5395
5396
5397
5399
5400
5405
5406
5408
5409
5411
5414
5416
5420
5421
5422
5423
5427
5428
5430
5432
5437
5446
5448
5449
5451
5452
5455
5461
5462
5464
5465
5469
5471
5473
5477
5478
5479
5485
5488
5489
5490
5493
5500
5501
5505
5506
5507
5509
5510
5511
5512
5513
5514
5517
5518
5519
5521
5522
5525
5526
5528
5529
5530
5533
5537
5538
5540
5541
5543
5544
5545
5546
5548
5549
5552
5555
5556
5559
5560
5562
5563
5564
5565
5566
5567
5569
5571
5573
5577
5580
5582
5583
5584
5585
5587
5590
5591
5592
5595
5598
5599
5600
5602
5605
5608
5609
5613
5617
5618
5620
5628
5630
5632
5633
5634
5637
5638
5639
5640
5641
5644
5645
5646
5648
5651
5652
5654
5655
5656
5660
5662
5665
5667
5668
5669
5674
5676
5677
5679
5681
5682
5684
5687
5688
5690
5691
5692
5693
5696
5697
5698
5699
5701
5705
5706
5707
5709
5710
5719
5723
5726
5732
5735
5736
5737
5738
5739
5741
5742
5747
5748
5749
5751
5755
5756
5757
5760
5761
5763
5765
5766
5767
5768
5770
5778
5781
5783
5784
5785
5786
5787
5793
5794
5795
5797
5801
5802
5804
5805
5810
5813
5814
5815
5816
5817
5818
5819
5820
5822
5824
5826
5827
5829
5831
5832
5834
5835
5837
5838
5839
5841
5842
5843
5846
5848
5849
5851
5852
5853
5858
5860
5862
5863
5866
5868
5870
5871
5873
5874
5875
5876
5879
5880
5881
5887
5889
5890
5893
5894
5897
5898
5901
5902
5903
5905
5907
5908
5909
5911
5913
5914
5915
5918
5920
5922
5923
5927
5929
5933
5934
5936
5937
5938
5940
5941
5943
5950
5951
5953
5957
5960
5961
5963
5964
5965
5966
5967
5971
5976
5977
5979
5984
5985
5989
5990
5994
5995
5996
6000
6002
6003
6004
6006
6007
6011
6012
6017
6018
6019
6021
6023
6027
6028
6033
6036
6037
6038
6041
6042
6046
6047
6048
6049
6050
6052
6053
6055
6058
6062
6063
6065
6066
6069
6071
6075
6076
6077
6078
6081
6082
6087
6088
6089
6092
6093
6094
6096
6097
6098
6099
6103
6104
6106
6107
6108
6109
6113
6114
6118
6119
6120
6123
6124
6125
6128
6131
6133
6135
6137
6140
6143
6145
6148
6150
6151
6153
6155
6157
6159
6160
6161
6162
6165
6169
6171
6173
6177
6179
6184
6188
6189
6190
6191
6194
6195
6198
6199
6200
6201
6202
6204
6207
6209
6215
6216
6217
6218
6222
6225
6229
6230
6232
6233
6235
6240
6242
6243
6244
6245
6247
6248
6252
6255
6256
6257
6264
6265
6266
6268
6271
6273
6274
6275
6276
6279
6280
6282
6285
6286
6288
6289
6290
6294
6295
6298
6299
6301
6306
6308
6309
6310
6311
6314
6318
6320
6322
6323
6329
6331
6333
6334
6335
6338
6339
6340
6349
6350
6352
6354
6355
6357
6358
6360
6361
6362
6365
6366
6370
6374
6375
6377
6383
6386
6388
6393
6394
6397
6398
6403
6404
6405
6408
6411
6412
6413
6414
6417
6420
6422
6424
6426
6427
6428
6434
6436
6437
6438
6439
6440
6442
6443
6444
6446
6447
6450
6453
6454
6456
6459
6461
6462
6463
6465
6466
6468
6469
6470
6471
6477
6478
6481
6482
6483
6484
6486
6487
6488
6490
6491
6492
6494
6495
6496
6497
6498
6499
6502
6504
6505
6507
6508
6509
6510
6512
6513
6516
6519
6520
6521
6522
6523
6525
6526
6529
6531
6535
6537
6538
6540
6544
6545
6547
6549
6550
6553
6554
6555
6556
6557
6561
6565
6570
6572
6574
6577
6578
6579
6581
6582
6584
6585
6589
6590
6593
6600
6603
6604
6606
6609
6610
6616
6618
6622
6627
6628
6629
6630
6631
6634
6635
6636
6638
6639
6642
6643
6645
6650
6653
6654
6656
6659
6660
6663
6665
6666
6667
6668
6670
6673
6674
6675
6676
6679
6680
6681
6682
6684
6685
6686
6687
6688
6689
6690
6694
6698
6700
6704
6706
6707
6708
6710
6713
6716
6717
6718
6722
6724
6726
6727
6728
6732
6733
6734
6735
6738
6744
6745
6746
6747
6748
6750
6751
6755
6757
6758
6759
6760
6761
6762
6764
6767
6768
6772
6773
6774
6776
6777
6778
6779
6782
6783
6784
6786
6790
6791
6792
6800
6802
6807
6810
6811
6812
6814
6815
6817
6819
6821
6823
6825
6827
6830
6831
6832
6837
6838
6839
6841
6843
6844
6847
6849
6852
6854
6858
6859
6861
6862
6863
6865
6866
6867
6870
6872
6873
6876
6878
6879
6880
6883
6885
6886
6887
6892
6893
6899
6900
6904
6905
6908
6909
6912
6914
6916
6917
6919
6920
6922
6924
6925
6926
6929
6930
6931
6933
6934
6935
6936
6938
6940
6941
6944
6945
6947
6948
6950
6951
6954
6956
6961
6964
6967
6968
6969
6971
6972
6973
6975
6976
6977
6981
6982
6983
6984
6985
6986
6992
6994
6995
6996
6998
6999
7002
7003
7004
7006
7010
7011
7018
7019
7023
7025
7026
7030
7031
7033
7034
7036
7039
7046
7048
7050
7053
7055
7057
7060
7065
7067
7068
7070
7071
7072
7073
7076
7078
7079
7080
7083
7084
7085
7087
7089
7090
7093
7096
7097
7100
7102
7103
7105
7106
7107
7111
7112
7114
7115
7116
7117
7118
7119
7120
7125
7126
7127
7130
7131
7133
7135
7139
7140
7142
7143
7144
7145
7148
7149
7150
7151
7153
7154
7155
7156
7158
7159
7162
7165
7166
7170
7171
7172
7173
7174
7176
7178
7179
7182
7185
7186
7189
7190
7194
7195
7196
7197
7200
7207
7208
7209
7211
7213
7219
7220
7222
7225
7226
7227
7233
7234
7235
7240
7241
7242
7243
7245
7246
7247
7248
7249
7250
7251
7252
7257
7258
7259
7260
7262
7264
7265
7267
7268
7270
7271
7272
7274
7278
7279
7280
7287
7288
7289
7290
7291
7295
7297
7298
7301
7306
7313
7315
7321
7325
7329
7330
7331
7333
7335
7336
7337
7338
7339
7340
7341
7342
7343
7344
7347
7349
7352
7355
7357
7358
7359
7360
7361
7364
7365
7366
7369
7370
7371
7372
7374
7375
7376
7377
7378
7379
7381
7383
7385
7386
7387
7389
7390
7391
7392
7393
7398
7399
7400
7402
7404
7406
7408
7409
7412
7413
7414
7415
7416
7417
7418
7420
7421
7423
7424
7425
7427
7430
7431
7435
7438
7442
7444
7445
7449
7452
7453
7455
7457
7458
7459
7463
7470
7472
7478
7479
7480
7483
7492
7493
7494
7497
7499
7500
7501
7502
7503
7504
7505
7507
7508
7509
7513
7514
7519
7523
7524
7529
7530
7531
7532
7535
7539
7544
7545
7549
7550
7551
7552
7556
7557
7558
7559
7560
7561
7562
7563
7567
7571
7572
7576
7577
7579
7584
7585
7589
7590
7591
7593
7594
7596
7597
7598
7599
7605
7606
7608
7612
7613
7616
7617
7620
7622
7624
7627
7628
7632
7639
7640
7641
7642
7647
7649
7651
7652
7653
7655
7656
7659
7663
7664
7665
7671
7672
7673
7674
7675
7682
7683
7686
7690
7693
7694
7695
7696
7698
7702
7704
7707
7709
7711
7712
7713
7721
7723
7724
7725
7726
7727
7731
7734
7735
7736
7737
7738
7741
7743
7744
7746
7748
7752
7753
7755
7756
7764
7765
7766
7769
7774
7775
7778
7779
7783
7784
7785
7786
7789
7791
7793
7794
7795
7799
7800
7801
7802
7803
7804
7805
7809
7810
7812
7814
7816
7819
7821
7822
7823
7824
7825
7826
7827
7830
7831
7835
7836
7837
7838
7840
7841
7843
7846
7847
7848
7849
7850
7852
7853
7858
7860
7864
7865
7866
7868
7872
7873
7875
7876
7881
7885
7890
7893
7897
7900
7903
7905
7906
7908
7909
7910
7912
7913
7914
7915
7919
7920
7921
7922
7923
7925
7931
7935
7937
7939
7941
7942
7943
7944
7946
7953
7954
7958
7959
7961
7962
7965
7966
7967
7968
7969
7970
7971
7974
7976
7977
7978
7979
7981
7984
7985
7987
7990
7991
7993
7995
7996
7997
7998
7999
8000
8001
8002
8004
8005
8006
8007
8008
8009
8011
8012
8013
8014
8016
8019
8020
8021
8024
8025
8026
8028
8029
8030
8031
8035
8037
8039
8044
8046
8048
8049
8050
8051
8053
8058
8060
8064
8065
8066
8067
8068
8070
8072
8073
8074
8077
8078
8079
8083
8084
8085
8086
8087
8090
8091
8092
8093
8094
8096
8097
8098
8100
8102
8103
8104
8113
8114
8116
8117
8119
8120
8121
8123
8127
8128
8131
8132
8133
8134
8135
8137
8138
8139
8140
8141
8142
8143
8146
8147
8149
8150
8151
8155
8158
8163
8166
8167
8168
8169
8171
8173
8174
8176
8178
8181
8182
8183
8184
8186
8187
8190
8191
8196
8199
8200
8201
8203
8205
8207
8209
8211
8213
8220
8221
8222
8230
8231
8235
8237
8239
8241
8245
8248
8250
8253
8254
8256
8257
8258
8263
8264
8265
8267
8268
8269
8274
8279
8280
8283
8284
8288
8289
8291
8293
8295
8298
8299
8302
8303
8304
8305
8306
8307
8310
8311
8313
8321
8322
8327
8328
8336
8339
8340
8341
8342
8343
8344
8345
8348
8350
8351
8352
8353
8354
8355
8358
8359
8361
8364
8365
8366
8368
8371
8373
8374
8375
8376
8378
8379
8381
8382
8383
8385
8386
8387
8390
8391
8393
8394
8398
8400
8402
8404
8405
8406
8407
8409
8410
8412
8414
8415
8417
8418
8420
8422
8423
8424
8426
8427
8428
8433
8434
8435
8436
8439
8440
8445
8446
8447
8448
8450
8451
8454
8457
8458
8463
8464
8465
8466
8469
8470
8471
8474
8476
8477
8480
8481
8482
8484
8486
8488
8489
8490
8492
8498
8500
8501
8502
8503
8504
8506
8508
8509
8510
8514
8516
8517
8521
8522
8523
8526
8527
8528
8530
8537
8538
8541
8542
8546
8548
8549
8552
8554
8555
8557
8558
8561
8562
8563
8564
8570
8573
8575
8576
8581
8584
8585
8587
8588
8589
8590
8591
8597
8600
8601
8602
8604
8605
8608
8611
8613
8614
8615
8619
8620
8621
8622
8627
8628
8629
8631
8632
8636
8641
8647
8650
8651
8654
8656
8657
8663
8665
8666
8668
8670
8677
8678
8679
8680
8685
8686
8691
8693
8695
8696
8697
8700
8701
8704
8706
8707
8709
8716
8717
8718
8719
8721
8723
8725
8726
8727
8728
8729
8730
8735
8736
8737
8738
8740
8741
8748
8749
8750
8753
8754
8755
8756
8757
8759
8760
8762
8764
8765
8769
8770
8772
8775
8776
8777
8779
8781
8788
8790
8791
8794
8797
8800
8803
8805
8806
8807
8809
8811
8812
8813
8815
8817
8818
8819
8823
8824
8825
8828
8830
8832
8834
8837
8838
8841
8842
8843
8845
8849
8851
8852
8853
8855
8857
8859
8860
8861
8862
8863
8866
8870
8871
8875
8876
8877
8878
8880
8884
8887
8890
8891
8892
8894
8898
8900
8908
8909
8910
8911
8912
8913
8914
8916
8917
8918
8922
8923
8925
8926
8927
8929
8932
8935
8938
8941
8943
8948
8949
8951
8955
8956
8957
8958
8959
8960
8962
8963
8966
8967
8969
8971
8973
8976
8978
8980
8981
8983
8984
8986
8987
8988
8991
8994
8996
8997
8999
9000
9001
9002
9003
9004
9005
9006
9008
9011
9012
9015
9017
9019
9020
9021
9022
9023
9024
9025
9027
9028
9029
9030
9031
9032
9035
9036
9037
9040
9041
9045
9046
9050
9051
9053
9054
9055
9058
9060
9062
9063
9064
9066
9067
9069
9070
9071
9073
9074
9076
9079
9080
9083
9084
9088
9090
9091
9092
9093
9095
9098
9102
9104
9105
9106
9109
9110
9111
9112
9113
9114
9115
9116
9117
9118
9123
9124
9125
9126
9127
9129
9130
9131
9133
9137
9138
9139
9143
9144
9158
9159
9160
9162
9163
9167
9169
9171
9172
9175
9176
9178
9181
9182
9184
9185
9186
9187
9188
9189
9191
9193
9194
9195
9196
9198
9199
9201
9204
9205
9206
9209
9210
9211
9213
9214
9217
9219
9221
9224
9226
9227
9228
9229
9231
9232
9233
9234
9236
9237
9240
9242
9245
9247
9249
9251
9252
9253
9255
9256
9258
9260
9267
9268
9270
9272
9273
9275
9278
9280
9282
9283
9284
9286
9292
9293
9294
9297
9298
9301
9305
9306
9309
9312
9313
9314
9315
9317
9318
9319
9321
9324
9325
9328
9332
9333
9334
9335
9336
9338
9342
9344
9346
9347
9349
9350
9353
9355
9356
9366
9368
9369
9370
9375
9378
9380
9389
9390
9391
9394
9395
9396
9399
9405
9406
9410
9412
9414
9417
9418
9419
9421
9423
9424
9425
9427
9428
9430
9432
9433
9435
9437
9438
9440
9447
9448
9454
9455
9456
9460
9462
9463
9465
9467
9468
9469
9471
9472
9474
9475
9476
9479
9482
9484
9485
9489
9490
9493
9494
9496
9498
9499
9500
9503
9505
9507
9510
9514
9517
9519
9521
9522
9523
9527
9531
9532
9533
9534
9536
9538
9539
9546
9548
9551
9553
9554
9555
9556
9557
9562
9565
9569
9571
9572
9573
9577
9578
9579
9580
9581
9584
9585
9587
9591
9595
9600
9601
9603
9604
9606
9611
9612
9620
9621
9622
9623
9624
9626
9630
9634
9636
9638
9639
9642
9644
9647
9648
9651
9652
9654
9655
9658
9659
9660
9666
9672
9676
9677
9679
9683
9684
9685
9687
9692
9693
9694
9695
9696
9701
9702
9706
9707
9711
9712
9714
9719
9721
9722
9723
9725
9731
9732
9736
9738
9740
9742
9743
9744
9745
9750
9756
9758
9759
9761
9764
9769
9770
9774
9777
9781
9784
9785
9790
9792
9794
9797
9799
9800
9802
9804
9806
9809
9811
9814
9817
9821
9826
9828
9831
9832
9836
9841
9844
9845
9846
9847
9849
9857
9859
9863
9864
9866
9871
9875
9877
9878
9879
9880
9888
9889
9890
9892
9894
9895
9896
9902
9904
9905
9907
9908
9910
9911
9912
9914
9915
9916
9918
9920
9922
9923
9925
9926
9933
9935
9936
9939
9940
9941
9942
9946
9948
9949
9952
9955
9957
9958
9960
9968
9971
9973
9975
9978
9981
9982
9983
9992
9993
9994
9995
9996
