0
1
2
6
7
9
12
13
19
20
21
22
23
24
26
27
28
29
31
34
35
39
40
41
42
43
44
46
47
48
51
53
55
57
58
59
60
62
64
66
67
68
70
71
72
74
75
76
77
78
79
81
83
84
85
86
88
89
91
92
93
97
98
101
105
109
110
111
112
113
115
116
118
119
121
122
125
126
130
132
133
134
138
140
143
146
147
148
150
152
154
155
157
158
160
161
164
165
168
169
171
175
177
179
180
183
185
186
187
190
193
195
196
198
199
200
203
204
207
209
212
213
215
216
218
219
220
223
225
226
227
228
230
231
233
234
235
239
242
243
245
248
250
252
254
255
256
258
259
261
263
265
267
270
271
272
275
277
279
280
281
282
284
286
289
290
293
294
295
296
298
299
300
302
303
304
305
306
307
313
314
315
317
318
319
320
321
322
323
324
325
326
327
329
331
332
334
335
337
339
340
343
347
349
350
351
352
353
355
356
357
359
360
361
363
365
366
367
368
370
371
375
376
377
378
379
380
381
382
384
385
387
390
392
393
394
396
398
400
401
403
405
407
409
410
411
412
413
415
417
418
419
420
421
422
423
424
426
427
431
432
434
435
436
441
442
443
444
445
447
449
451
452
454
455
456
457
458
459
462
465
471
472
474
476
481
483
484
485
487
489
490
494
496
499
502
503
504
506
507
509
511
512
513
518
519
520
521
523
524
525
526
529
530
532
536
537
538
540
541
542
543
546
548
552
553
554
557
558
559
561
564
565
566
567
568
570
571
573
574
577
578
579
580
581
582
584
586
588
590
591
593
596
599
600
601
602
603
605
606
607
608
609
610
612
613
614
615
616
617
618
620
622
623
625
626
631
635
637
638
644
645
646
647
648
649
651
652
655
656
658
659
661
662
664
667
669
671
672
673
675
677
679
680
681
682
683
685
687
688
690
691
692
693
695
696
698
701
702
705
706
707
708
709
711
712
713
714
715
716
717
719
720
723
727
728
731
732
736
739
740
741
742
743
745
746
747
748
749
750
751
752
754
757
758
759
762
763
768
769
775
777
778
780
781
783
784
786
787
788
789
790
793
794
795
796
797
799
800
801
803
804
805
806
808
811
815
818
819
820
822
824
825
827
829
830
831
834
835
837
838
839
840
842
843
844
845
846
848
850
851
854
855
856
857
858
859
860
862
863
864
865
870
871
872
874
877
879
880
881
883
887
890
892
893
895
896
897
898
900
901
902
903
904
905
907
909
910
911
914
915
917
918
919
920
921
922
924
926
927
930
935
937
939
942
944
945
949
951
952
953
954
955
956
958
960
962
965
966
967
968
969
970
971
972
975
976
977
978
979
980
982
983
986
987
989
990
996
997
998
1000
1001
1003
1004
1006
1007
1009
1010
1011
1012
1015
1019
1022
1023
1025
1027
1028
1029
1030
1031
1032
1033
1034
1035
1040
1041
1044
1045
1046
1049
1050
1052
1054
1056
1057
1058
1061
1062
1063
1064
1065
1066
1067
1068
1071
1073
1075
1077
1079
1080
1081
1083
1084
1086
1088
1090
1091
1092
1093
1097
1099
1100
1103
1105
1106
1107
1108
1110
1112
1113
1114
1117
1119
1122
1123
1125
1128
1130
1131
1132
1133
1135
1136
1140
1142
1143
1145
1146
1147
1149
1151
1152
1153
1154
1155
1156
1158
1159
1160
1161
1162
1165
1166
1167
1168
1169
1170
1171
1172
1173
1174
1176
1177
1178
1179
1180
1184
1185
1186
1188
1189
1190
1192
1193
1194
1195
1196
1199
1200
1201
1202
1204
1206
1208
1209
1212
1213
1215
1216
1218
1219
1221
1223
1224
1225
1227
1228
1232
1233
1234
1236
1237
1238
1239
1240
1242
1243
1244
1245
1248
1249
1251
1253
1254
1256
1257
1261
1264
1265
1266
1267
1269
1271
1272
1274
1275
1276
1277
1279
1281
1283
1284
1285
1286
1288
1289
1293
1295
1297
1305
1307
1308
1309
1310
1313
1315
1318
1319
1321
1323
1324
1325
1328
1329
1331
1332
1333
1334
1335
1336
1339
1340
1341
1343
1345
1346
1347
1348
1349
1350
1351
1352
1355
1357
1358
1359
1360
1362
1363
1364
1365
1367
1368
1370
1371
1373
1374
1376
1378
1379
1380
1381
1384
1386
1387
1388
1389
1392
1394
1395
1396
1398
1399
1400
1401
1404
1405
1407
1408
1410
1411
1416
1420
1421
1422
1426
1427
1428
1429
1434
1437
1439
1440
1441
1444
1446
1450
1451
1452
1453
1454
1456
1457
1458
1459
1463
1465
1466
1467
1468
1469
1470
1472
1477
1478
1479
1480
1481
1482
1483
1484
1488
1489
1490
1492
1493
1495
1496
1497
1498
1501
1505
1506
1507
1509
1511
1514
1515
1516
1519
1521
1522
1523
1525
1527
1528
1532
1533
1534
1536
1538
1539
1540
1541
1542
1543
1545
1546
1547
1548
1551
1552
1553
1555
1556
1557
1559
1560
1561
1562
1563
1564
1565
1566
1572
1573
1574
1576
1577
1579
1581
1583
1585
1586
1588
1590
1591
1593
1594
1595
1600
1603
1604
1605
1607
1609
1614
1619
1620
1629
1631
1634
1635
1636
1639
1640
1642
1643
1644
1645
1646
1647
1648
1649
1651
1652
1653
1654
1656
1658
1659
1664
1665
1666
1668
1669
1670
1672
1673
1674
1675
1676
1677
1679
1682
1683
1685
1686
1688
1689
1690
1691
1692
1693
1694
1697
1698
1699
1701
1702
1704
1706
1708
1709
1710
1712
1713
1714
1716
1717
1720
1721
1722
1723
1724
1725
1726
1727
1728
1730
1731
1733
1734
1735
1736
1737
1739
1740
1745
1748
1750
1751
1752
1753
1756
1757
1760
1762
1763
1766
1768
1769
1770
1771
1773
1774
1779
1781
1785
1786
1787
1788
1789
1791
1792
1793
1794
1799
1800
1801
1804
1805
1808
1809
1811
1812
1813
1814
1816
1817
1818
1820
1821
1822
1823
1824
1825
1826
1828
1831
1832
1834
1835
1836
1838
1839
1840
1842
1843
1847
1849
1850
1853
1854
1856
1857
1859
1860
1862
1863
1864
1865
1866
1867
1870
1871
1874
1876
1881
1882
1885
1887
1888
1890
1891
1892
1894
1895
1898
1901
1902
1905
1906
1907
1908
1909
1910
1911
1912
1914
1916
1919
1920
1922
1924
1929
1932
1935
1936
1937
1938
1939
1943
1944
1948
1949
1950
1951
1954
1955
1961
1962
1963
1964
1965
1966
1969
1970
1971
1972
1973
1974
1976
1978
1979
1980
1981
1982
1983
1984
1985
1987
1989
1992
1993
1994
1995
1997
1998
2001
2003
2005
2006
2007
2008
2011
2012
2016
2017
2019
2023
2024
2025
2026
2027
2028
2030
2031
2032
2035
2036
2037
2040
2041
2043
2044
2046
2047
2051
2054
2056
2059
2061
2065
2067
2068
2069
2070
2071
2074
2076
2077
2078
2079
2080
2081
2082
2084
2085
2087
2089
2090
2092
2093
2094
2096
2097
2098
2099
2100
2107
2109
2110
2111
2112
2117
2118
2119
2120
2123
2124
2125
2126
2127
2128
2136
2138
2139
2141
2142
2143
2144
2148
2150
2151
2154
2155
2156
2159
2161
2162
2164
2165
2166
2168
2169
2170
2171
2173
2174
2176
2178
2182
2187
2188
2189
2192
2193
2194
2195
2196
2197
2199
2201
2206
2209
2210
2217
2218
2219
2222
2223
2224
2225
2227
2228
2229
2230
2231
2232
2234
2238
2239
2241
2244
2246
2247
2248
2250
2251
2253
2255
2258
2259
2260
2261
2262
2264
2267
2269
2270
2271
2272
2275
2279
2280
2282
2285
2286
2287
2288
2289
2292
2293
2296
2297
2298
2299
2300
2301
2303
2305
2306
2307
2308
2310
2311
2313
2314
2315
2316
2318
2319
2321
2325
2327
2328
2329
2330
2332
2333
2334
2335
2336
2338
2339
2340
2341
2342
2343
2344
2345
2347
2350
2351
2352
2354
2355
2356
2357
2359
2363
2364
2365
2372
2373
2374
2375
2382
2383
2384
2389
2390
2391
2392
2395
2400
2401
2402
2404
2405
2408
2410
2411
2413
2416
2417
2419
2420
2422
2426
2429
2430
2431
2432
2435
2437
2440
2444
2445
2446
2447
2449
2451
2454
2455
2456
2458
2459
2461
2462
2463
2467
2468
2469
2472
2473
2475
2477
2478
2480
2483
2487
2490
2491
2493
2495
2497
2498
2500
2504
2507
2509
2510
2511
2513
2515
2517
2521
2527
2528
2529
2530
2531
2532
2533
2537
2538
2539
2541
2544
2545
2547
2548
2549
2551
2552
2553
2556
2558
2560
2562
2563
2564
2565
2568
2569
2570
2571
2573
2574
2576
2578
2580
2581
2582
2584
2585
2590
2591
2592
2593
2594
2595
2596
2598
2599
2600
2601
2603
2604
2605
2606
2609
2610
2611
2612
2613
2616
2618
2620
2621
2623
2626
2627
2628
2632
2633
2634
2635
2638
2639
2641
2645
2646
2647
2650
2652
2653
2654
2656
2659
2660
2661
2664
2665
2666
2668
2671
2673
2674
2675
2676
2677
2679
2681
2683
2684
2685
2686
2687
2690
2691
2692
2693
2694
2697
2698
2699
2700
2701
2703
2705
2706
2707
2708
2709
2710
2711
2712
2714
2715
2717
2718
2719
2720
2721
2723
2724
2725
2726
2727
2728
2729
2730
2731
2733
2735
2737
2738
2739
2743
2747
2748
2749
2751
2752
2753
2754
2759
2761
2762
2763
2765
2770
2771
2774
2775
2780
2786
2788
2789
2793
2795
2796
2798
2799
2800
2801
2805
2806
2807
2808
2810
2811
2816
2820
2821
2822
2823
2824
2826
2830
2831
2833
2834
2839
2840
2841
2842
2843
2844
2845
2846
2847
2848
2851
2852
2854
2855
2857
2858
2862
2863
2864
2865
2866
2867
2868
2871
2877
2879
2880
2881
2882
2883
2885
2886
2887
2888
2889
2891
2894
2895
2897
2898
2899
2900
2901
2903
2905
2907
2908
2911
2912
2913
2914
2915
2919
2920
2921
2923
2924
2927
2928
2929
2930
2931
2932
2935
2936
2938
2939
2940
2941
2943
2944
2945
2946
2947
2949
2951
2953
2956
2958
2960
2961
2962
2964
2965
2967
2971
2972
2977
2978
2980
2983
2984
2985
2986
2988
2989
2990
2994
2999
3000
3002
3005
3007
3010
3011
3013
3015
3016
3018
3019
3020
3021
3028
3029
3030
3031
3032
3033
3034
3040
3044
3045
3046
3050
3052
3054
3055
3057
3059
3061
3062
3063
3066
3072
3073
3075
3079
3080
3081
3082
3085
3086
3089
3090
3092
3093
3095
3098
3099
3100
3104
3106
3107
3108
3109
3110
3111
3112
3113
3114
3116
3117
3118
3121
3122
3123
3125
3126
3130
3131
3133
3135
3136
3137
3138
3141
3142
3144
3145
3146
3147
3150
3152
3154
3157
3158
3159
3160
3162
3163
3164
3165
3166
3167
3168
3170
3171
3172
3173
3174
3175
3176
3177
3181
3183
3184
3185
3189
3190
3191
3195
3196
3197
3198
3199
3202
3203
3204
3206
3208
3209
3210
3212
3214
3215
3220
3222
3223
3224
3226
3227
3231
3232
3233
3234
3236
3237
3238
3241
3246
3247
3248
3250
3251
3252
3253
3257
3258
3259
3261
3262
3263
3264
3266
3268
3269
3270
3273
3276
3277
3279
3280
3281
3283
3285
3293
3294
3295
3298
3299
3300
3302
3303
3304
3306
3308
3310
3312
3314
3316
3319
3320
3321
3322
3323
3325
3326
3328
3329
3335
3337
3339
3340
3341
3342
3346
3347
3348
3349
3351
3352
3353
3354
3355
3356
3357
3358
3361
3364
3365
3367
3370
3372
3375
3377
3379
3380
3381
3383
3385
3387
3388
3389
3390
3391
3393
3394
3396
3397
3398
3400
3403
3405
3409
3410
3415
3416
3417
3418
3419
3420
3423
3426
3427
3433
3434
3436
3437
3439
3441
3442
3443
3444
3445
3446
3448
3449
3450
3451
3452
3456
3457
3459
3460
3461
3462
3463
3464
3465
3466
3467
3468
3469
3471
3474
3475
3476
3477
3478
3479
3480
3486
3488
3492
3493
3494
3496
3497
3498
3500
3501
3502
3503
3504
3506
3509
3510
3512
3513
3514
3516
3519
3522
3523
3524
3525
3530
3531
3534
3535
3536
3537
3538
3540
3541
3543
3545
3546
3547
3548
3550
3552
3553
3556
3557
3558
3560
3562
3563
3564
3565
3568
3569
3571
3572
3573
3574
3575
3576
3577
3579
3580
3583
3584
3586
3589
3590
3592
3596
3598
3600
3601
3602
3603
3604
3605
3606
3608
3609
3611
3613
3614
3618
3619
3620
3623
3624
3627
3628
3629
3635
3638
3640
3641
3642
3646
3647
3650
3651
3654
3655
3657
3658
3662
3663
3664
3666
3667
3668
3671
3672
3674
3675
3677
3678
3679
3681
3682
3683
3684
3685
3687
3688
3689
3691
3692
3693
3696
3698
3699
3700
3702
3703
3705
3706
3707
3709
3710
3711
3712
3714
3716
3718
3719
3721
3722
3724
3725
3726
3734
3737
3738
3739
3740
3742
3745
3746
3747
3748
3749
3750
3751
3752
3753
3754
3755
3756
3757
3760
3761
3763
3764
3765
3766
3768
3770
3771
3772
3773
3775
3776
3777
3779
3780
3781
3783
3786
3788
3789
3790
3791
3792
3794
3795
3796
3797
3798
3799
3800
3802
3803
3806
3807
3808
3809
3810
3811
3812
3815
3818
3819
3820
3823
3827
3828
3831
3832
3833
3836
3837
3839
3842
3843
3847
3848
3849
3850
3851
3852
3853
3856
3858
3859
3860
3861
3863
3864
3866
3867
3869
3871
3872
3874
3875
3877
3879
3880
3881
3883
3885
3886
3887
3888
3889
3890
3891
3893
3894
3895
3896
3898
3903
3905
3906
3907
3909
3911
3912
3913
3914
3916
3920
3922
3924
3925
3926
3928
3929
3930
3931
3933
3934
3935
3938
3940
3942
3944
3946
3948
3949
3950
3951
3953
3954
3955
3957
3958
3961
3962
3966
3967
3969
3971
3973
3974
3975
3977
3978
3981
3983
3984
3987
3988
3989
3992
3993
3995
3997
3999
4000
4002
4006
4008
4010
4012
4013
4015
4016
4017
4018
4019
4023
4025
4027
4028
4029
4031
4032
4035
4037
4038
4039
4041
4042
4043
4045
4046
4047
4049
4053
4055
4059
4060
4061
4062
4063
4064
4065
4066
4067
4070
4071
4077
4078
4079
4080
4081
4082
4088
4089
4090
4093
4095
4096
4097
4100
4101
4103
4104
4106
4107
4109
4110
4113
4114
4115
4116
4118
4119
4121
4123
4124
4125
4126
4127
4128
4129
4130
4131
4133
4134
4137
4138
4139
4140
4144
4146
4147
4148
4149
4150
4151
4152
4154
4155
4158
4159
4160
4161
4162
4163
4165
4166
4168
4171
4172
4173
4175
4176
4177
4178
4179
4182
4183
4184
4185
4186
4187
4189
4190
4191
4194
4195
4197
4199
4201
4205
4206
4209
4210
4214
4215
4216
4217
4220
4222
4225
4226
4228
4230
4233
4234
4236
4237
4238
4239
4240
4241
4243
4246
4247
4248
4250
4252
4253
4254
4256
4257
4259
4260
4261
4262
4263
4264
4265
4267
4268
4269
4270
4271
4274
4275
4276
4277
4278
4279
4280
4282
4283
4284
4285
4286
4288
4289
4290
4291
4293
4294
4296
4297
4299
4302
4303
4304
4305
4306
4307
4308
4310
4311
4314
4316
4317
4318
4320
4321
4325
4326
4327
4328
4329
4330
4331
4333
4334
4335
4336
4338
4340
4341
4342
4344
4345
4346
4347
4348
4349
4350
4357
4358
4359
4360
4361
4365
4367
4368
4370
4373
4375
4377
4378
4379
4380
4381
4382
4383
4384
4385
4386
4387
4389
4391
4399
4401
4402
4403
4404
4406
4407
4408
4409
4410
4413
4414
4415
4416
4420
4423
4425
4426
4427
4428
4431
4432
4435
4436
4437
4439
4440
4441
4442
4443
4444
4445
4446
4448
4451
4452
4454
4456
4457
4458
4459
4460
4461
4462
4463
4466
4468
4472
4474
4475
4476
4477
4480
4481
4483
4484
4486
4488
4491
4493
4495
4498
4499
4501
4504
4506
4507
4508
4510
4512
4513
4514
4516
4518
4519
4520
4521
4523
4524
4528
4529
4531
4532
4533
4534
4535
4537
4539
4540
4544
4546
4547
4548
4550
4552
4554
4555
4556
4557
4558
4559
4560
4563
4567
4568
4570
4572
4575
4576
4580
4581
4584
4586
4597
4598
4601
4606
4608
4609
4610
4611
4613
4614
4615
4616
4617
4618
4619
4620
4623
4625
4628
4629
4630
4632
4633
4635
4637
4638
4639
4640
4641
4642
4644
4645
4646
4648
4649
4650
4651
4655
4656
4658
4661
4662
4664
4670
4672
4673
4674
4676
4677
4680
4682
4684
4685
4687
4690
4691
4692
4694
4695
4697
4699
4701
4702
4705
4706
4707
4709
4710
4711
4712
4715
4716
4718
4720
4721
4722
4723
4724
4728
4731
4732
4733
4734
4735
4736
4738
4740
4741
4742
4744
4749
4750
4751
4753
4754
4755
4757
4758
4761
4766
4768
4770
4771
4772
4775
4777
4778
4779
4782
4785
4788
4789
4791
4793
4795
4796
4797
4798
4799
4801
4802
4803
4806
4807
4808
4811
4813
4815
4816
4819
4823
4826
4828
4829
4830
4831
4834
4836
4837
4838
4839
4840
4842
4843
4846
4849
4851
4852
4854
4857
4858
4859
4860
4864
4867
4868
4869
4870
4871
4873
4875
4876
4877
4878
4879
4880
4882
4883
4884
4889
4890
4892
4895
4896
4897
4899
4900
4901
4902
4903
4905
4906
4909
4910
4912
4914
4916
4917
4918
4919
4921
4923
4924
4926
4928
4929
4931
4934
4935
4936
4937
4940
4941
4944
4946
4947
4948
4949
4950
4951
4955
4957
4961
4964
4965
4966
4967
4968
4969
4970
4972
4975
4977
4979
4981
4983
4984
4985
4989
4990
4993
4994
4995
4996
4999
5003
5004
5006
5008
5011
5012
5014
5015
5016
5017
5018
5020
5021
5022
5023
5027
5028
5029
5030
5031
5032
5033
5035
5036
5038
5039
5041
5044
5046
5048
5049
5051
5052
5053
5054
5055
5056
5059
5060
5061
5062
5063
5064
5065
5066
5069
5071
5073
5074
5075
5076
5078
5081
5082
5083
5084
5085
5086
5090
5091
5093
5094
5095
5097
5099
5101
5103
5107
5111
5117
5118
5119
5120
5121
5124
5125
5127
5130
5131
5132
5134
5135
5136
5137
5141
5142
5145
5149
5151
5155
5156
5163
5165
5166
5167
5168
5170
5172
5173
5177
5178
5180
5182
5183
5184
5185
5187
5189
5190
5191
5194
5199
5200
5201
5205
5208
5209
5211
5215
5216
5217
5218
5220
5223
5225
5228
5229
5230
5231
5232
5236
5237
5238
5239
5240
5241
5243
5244
5245
5246
5247
5248
5251
5254
5255
5256
5257
5259
5260
5262
5263
5264
5265
5271
5272
5273
5274
5277
5280
5281
5282
5283
5284
5285
5287
5291
5292
5293
5294
5295
5297
5298
5299
5300
5301
5302
5305
5307
5308
5309
5311
5313
5315
5316
5317
5318
5319
5321
5324
5325
5326
5327
5328
5330
5331
5333
5334
5336
5337
5339
5340
5342
5343
5345
5347
5349
5350
5351
5352
5354
5357
5358
5359
5362
5363
5364
5365
5366
5368
5372
5373
5374
5376
5378
5380
5381
5382
5384
5385
5388
5389
5390
5393
5394
5397
5399
5400
5404
5405
5406
5407
5408
5410
5411
5412
5413
5415
5416
5417
5420
5421
5422
5423
5424
5425
5427
5428
5429
5431
5434
5435
5438
5439
5442
5443
5444
5445
5447
5449
5451
5452
5453
5454
5455
5456
5457
5458
5461
5463
5465
5466
5470
5471
5473
5474
5475
5476
5478
5479
5480
5481
5482
5483
5484
5485
5486
5489
5490
5491
5492
5493
5494
5495
5498
5500
5502
5504
5508
5509
5510
5512
5514
5516
5519
5520
5522
5525
5526
5527
5529
5532
5533
5535
5536
5538
5539
5540
5542
5543
5544
5545
5546
5548
5549
5550
5554
5555
5559
5560
5561
5565
5567
5568
5570
5571
5572
5573
5575
5576
5577
5578
5583
5584
5585
5588
5590
5591
5593
5594
5596
5600
5602
5603
5605
5606
5607
5609
5610
5611
5613
5614
5615
5618
5619
5620
5622
5623
5624
5625
5627
5628
5629
5631
5633
5634
5635
5636
5637
5638
5639
5640
5641
5642
5645
5646
5647
5649
5650
5652
5653
5654
5657
5658
5660
5668
5669
5670
5671
5674
5677
5678
5679
5682
5684
5685
5686
5688
5689
5691
5695
5696
5698
5699
5700
5701
5702
5703
5704
5710
5711
5713
5715
5721
5722
5724
5728
5731
5733
5734
5738
5739
5743
5745
5747
5748
5749
5752
5754
5756
5760
5763
5764
5765
5766
5767
5768
5769
5772
5773
5774
5775
5776
5778
5781
5782
5783
5784
5785
5788
5789
5790
5791
5794
5797
5798
5799
5802
5803
5805
5807
5810
5811
5812
5813
5815
5816
5820
5821
5822
5823
5824
5825
5826
5827
5829
5830
5831
5833
5834
5835
5837
5838
5839
5840
5841
5844
5845
5846
5847
5848
5852
5854
5856
5857
5858
5859
5861
5863
5864
5865
5866
5867
5868
5870
5872
5875
5876
5878
5881
5883
5888
5889
5890
5892
5893
5894
5896
5897
5899
5903
5905
5906
5907
5910
5911
5912
5913
5914
5917
5918
5919
5922
5926
5927
5928
5931
5932
5934
5935
5936
5937
5938
5939
5941
5942
5943
5945
5946
5947
5949
5951
5953
5955
5958
5961
5962
5964
5965
5968
5970
5971
5972
5974
5975
5977
5978
5980
5984
5985
5987
5988
5989
5993
5995
5998
5999
6000
6003
6004
6005
6006
6010
6011
6012
6013
6015
6016
6017
6018
6020
6021
6023
6024
6025
6026
6027
6028
6029
6030
6031
6032
6033
6034
6038
6040
6043
6044
6045
6046
6047
6049
6053
6054
6055
6056
6059
6061
6064
6065
6066
6068
6070
6071
6073
6074
6079
6080
6081
6082
6083
6084
6085
6086
6088
6090
6091
6093
6094
6095
6097
6099
6101
6103
6104
6105
6106
6108
6112
6114
6115
6118
6119
6123
6124
6126
6127
6129
6130
6132
6133
6135
6136
6138
6139
6140
6141
6142
6143
6145
6146
6148
6149
6151
6153
6154
6155
6158
6160
6164
6166
6167
6169
6172
6173
6176
6177
6180
6181
6183
6184
6185
6186
6187
6189
6190
6193
6196
6197
6198
6200
6201
6202
6206
6207
6208
6209
6212
6215
6217
6218
6219
6221
6222
6225
6226
6229
6232
6233
6234
6235
6236
6238
6239
6240
6242
6246
6247
6248
6250
6251
6252
6253
6254
6255
6256
6257
6259
6261
6262
6264
6265
6266
6267
6270
6271
6272
6273
6274
6275
6276
6278
6279
6283
6284
6285
6287
6289
6294
6295
6296
6297
6298
6299
6304
6307
6309
6310
6313
6315
6316
6317
6318
6319
6321
6322
6323
6325
6326
6327
6329
6330
6332
6333
6334
6335
6336
6337
6339
6341
6342
6344
6346
6350
6351
6352
6354
6357
6358
6359
6360
6363
6366
6367
6368
6369
6370
6371
6372
6373
6374
6376
6378
6379
6381
6384
6389
6391
6393
6394
6395
6396
6397
6398
6399
6400
6401
6402
6405
6406
6408
6413
6414
6415
6417
6419
6421
6422
6424
6425
6426
6427
6428
6431
6432
6433
6434
6435
6436
6437
6438
6440
6443
6444
6445
6446
6447
6448
6452
6453
6454
6455
6456
6457
6458
6461
6462
6463
6464
6465
6466
6467
6468
6469
6470
6471
6472
6476
6477
6478
6479
6481
6482
6483
6485
6488
6489
6491
6492
6494
6495
6496
6497
6498
6500
6502
6503
6504
6506
6508
6509
6512
6513
6514
6515
6518
6520
6523
6524
6525
6526
6527
6529
6532
6533
6534
6536
6539
6540
6543
6544
6545
6547
6548
6550
6551
6552
6554
6556
6560
6561
6562
6563
6564
6565
6566
6567
6569
6570
6571
6572
6574
6575
6576
6577
6578
6579
6581
6582
6583
6585
6588
6590
6591
6594
6596
6597
6598
6602
6603
6604
6606
6609
6610
6611
6612
6614
6617
6618
6619
6620
6625
6626
6632
6633
6634
6636
6637
6638
6639
6642
6644
6645
6647
6649
6650
6652
6653
6658
6659
6660
6661
6663
6664
6665
6666
6667
6669
6670
6671
6672
6673
6674
6678
6679
6681
6684
6686
6687
6688
6690
6692
6694
6696
6698
6700
6701
6702
6703
6704
6705
6708
6711
6713
6714
6715
6719
6722
6724
6728
6732
6733
6734
6736
6737
6738
6739
6740
6745
6746
6747
6749
6752
6754
6755
6757
6758
6760
6761
6765
6766
6767
6769
6771
6773
6774
6776
6780
6781
6784
6787
6789
6792
6793
6794
6795
6796
6797
6801
6802
6803
6804
6805
6806
6808
6809
6810
6811
6812
6817
6819
6821
6827
6828
6829
6830
6835
6836
6838
6839
6840
6842
6843
6845
6846
6847
6848
6849
6851
6852
6853
6854
6855
6858
6860
6862
6864
6865
6866
6867
6869
6870
6871
6873
6874
6876
6877
6878
6879
6880
6881
6883
6884
6885
6890
6891
6892
6893
6896
6898
6899
6900
6902
6903
6904
6905
6906
6908
6909
6911
6912
6913
6915
6919
6920
6921
6922
6923
6924
6925
6928
6929
6930
6931
6933
6936
6937
6939
6940
6941
6944
6945
6946
6947
6949
6950
6951
6954
6956
6957
6958
6959
6960
6961
6964
6966
6969
6972
6973
6974
6977
6979
6982
6984
6986
6987
6988
6989
6991
6992
6993
6994
6997
6998
6999
7001
7005
7006
7007
7010
7011
7014
7016
7017
7020
7024
7028
7029
7033
7035
7036
7040
7042
7047
7048
7049
7051
7052
7053
7054
7055
7058
7059
7060
7062
7064
7065
7067
7071
7072
7073
7074
7076
7078
7080
7083
7084
7085
7086
7087
7088
7089
7091
7092
7093
7094
7099
7101
7103
7104
7105
7107
7109
7111
7112
7114
7115
7118
7119
7121
7123
7129
7130
7131
7133
7134
7135
7137
7138
7141
7142
7144
7145
7146
7148
7149
7154
7155
7156
7157
7158
7159
7160
7163
7164
7166
7168
7169
7172
7173
7174
7176
7177
7178
7179
7182
7184
7186
7187
7189
7190
7194
7196
7197
7199
7200
7202
7204
7206
7207
7209
7210
7211
7212
7214
7218
7219
7220
7224
7225
7227
7228
7229
7230
7231
7232
7233
7234
7235
7236
7237
7238
7239
7240
7241
7242
7243
7244
7246
7247
7248
7249
7250
7251
7253
7255
7257
7259
7265
7266
7267
7269
7271
7272
7273
7274
7275
7277
7280
7281
7282
7283
7284
7285
7288
7289
7290
7293
7294
7295
7297
7298
7299
7300
7302
7304
7308
7310
7312
7315
7317
7318
7322
7326
7330
7331
7333
7334
7335
7336
7337
7339
7341
7343
7344
7350
7351
7353
7356
7357
7359
7363
7365
7366
7369
7374
7375
7376
7377
7378
7379
7380
7383
7386
7387
7388
7389
7393
7394
7396
7398
7400
7402
7403
7405
7406
7407
7408
7409
7410
7411
7412
7413
7415
7417
7418
7419
7422
7423
7425
7427
7428
7430
7432
7433
7435
7436
7437
7438
7439
7440
7443
7444
7445
7446
7448
7449
7451
7452
7454
7456
7459
7460
7461
7462
7463
7465
7466
7467
7468
7473
7476
7477
7478
7479
7481
7483
7486
7487
7488
7489
7490
7491
7493
7494
7496
7499
7500
7504
7505
7508
7509
7510
7511
7512
7516
7517
7518
7520
7521
7522
7523
7524
7525
7526
7528
7532
7534
7538
7539
7541
7542
7544
7546
7547
7548
7549
7551
7552
7554
7556
7559
7560
7562
7563
7565
7566
7567
7569
7571
7572
7573
7574
7575
7576
7578
7581
7582
7583
7585
7587
7588
7590
7592
7595
7596
7597
7599
7600
7601
7602
7603
7604
7605
7606
7607
7609
7611
7612
7613
7615
7616
7620
7622
7624
7629
7631
7635
7636
7637
7640
7641
7642
7643
7645
7647
7648
7650
7651
7652
7654
7656
7657
7658
7659
7660
7662
7666
7667
7668
7670
7672
7673
7675
7676
7678
7679
7681
7682
7684
7685
7686
7687
7689
7690
7691
7694
7695
7696
7697
7698
7700
7701
7702
7703
7705
7706
7707
7708
7709
7711
7712
7713
7714
7715
7716
7717
7718
7719
7721
7724
7725
7727
7728
7730
7732
7733
7736
7737
7738
7741
7744
7746
7747
7749
7751
7752
7753
7754
7755
7757
7758
7760
7761
7762
7765
7767
7768
7771
7773
7775
7776
7777
7778
7779
7780
7781
7782
7783
7784
7785
7786
7788
7790
7791
7792
7794
7795
7798
7803
7804
7805
7807
7808
7810
7811
7813
7815
7817
7818
7819
7820
7822
7824
7825
7826
7827
7828
7831
7832
7833
7834
7836
7838
7839
7840
7842
7844
7846
7848
7851
7855
7857
7859
7862
7863
7864
7866
7867
7870
7871
7872
7876
7877
7878
7879
7880
7881
7882
7884
7885
7886
7887
7890
7892
7893
7895
7896
7897
7898
7899
7901
7902
7903
7904
7905
7909
7912
7914
7917
7918
7920
7921
7922
7924
7927
7928
7929
7931
7932
7933
7934
7935
7936
7940
7941
7942
7945
7947
7948
7952
7953
7954
7959
7961
7962
7964
7965
7967
7968
7969
7970
7971
7972
7973
7974
7976
7979
7980
7981
7982
7987
7990
7992
7993
7994
7995
7996
7997
7999
8000
8001
8004
8006
8007
8008
8010
8012
8013
8014
8016
8018
8019
8022
8023
8025
8027
8028
8029
8030
8031
8032
8034
8035
8036
8037
8038
8040
8041
8042
8044
8045
8046
8049
8050
8052
8053
8056
8057
8058
8059
8060
8064
8066
8071
8072
8074
8078
8080
8081
8082
8083
8084
8085
8086
8091
8092
8095
8096
8097
8099
8102
8104
8106
8110
8112
8113
8114
8115
8116
8117
8120
8121
8122
8123
8124
8125
8129
8130
8131
8132
8135
8138
8139
8140
8142
8143
8145
8146
8147
8149
8151
8153
8154
8157
8158
8160
8163
8164
8165
8169
8170
8171
8173
8174
8175
8177
8179
8181
8184
8186
8187
8189
8191
8192
8193
8194
8195
8196
8197
8199
8201
8202
8207
8208
8209
8215
8216
8217
8219
8221
8223
8224
8227
8230
8231
8233
8234
8235
8236
8237
8241
8247
8249
8250
8251
8252
8254
8256
8258
8263
8264
8266
8268
8271
8272
8273
8275
8276
8277
8278
8280
8281
8283
8285
8287
8288
8289
8292
8294
8295
8297
8298
8301
8302
8304
8306
8308
8309
8311
8312
8314
8315
8317
8319
8322
8325
8326
8327
8329
8330
8331
8332
8333
8336
8337
8339
8340
8341
8342
8344
8345
8348
8349
8350
8351
8352
8353
8355
8356
8357
8358
8360
8362
8363
8367
8368
8369
8372
8373
8374
8375
8377
8378
8379
8382
8383
8384
8386
8387
8389
8390
8392
8393
8394
8395
8397
8398
8399
8401
8402
8403
8404
8405
8406
8409
8411
8414
8415
8416
8418
8419
8420
8421
8422
8423
8424
8425
8426
8427
8428
8429
8433
8435
8437
8438
8439
8440
8441
8443
8445
8449
8450
8451
8452
8453
8454
8456
8458
8459
8460
8461
8462
8464
8465
8466
8467
8472
8473
8475
8476
8477
8480
8483
8485
8486
8488
8489
8490
8492
8493
8494
8496
8497
8498
8499
8500
8503
8507
8508
8509
8510
8511
8515
8518
8522
8528
8529
8531
8533
8534
8536
8537
8540
8542
8543
8549
8550
8551
8552
8554
8556
8561
8563
8564
8566
8569
8570
8571
8573
8575
8577
8580
8582
8583
8584
8585
8588
8589
8591
8592
8593
8597
8599
8600
8601
8602
8603
8604
8605
8606
8607
8608
8609
8610
8611
8612
8615
8616
8617
8618
8621
8622
8623
8625
8627
8629
8631
8632
8633
8635
8639
8643
8644
8645
8648
8650
8653
8654
8655
8656
8657
8658
8660
8661
8666
8667
8668
8670
8671
8673
8675
8676
8679
8680
8681
8683
8684
8685
8688
8689
8691
8692
8694
8695
8696
8697
8698
8700
8701
8702
8705
8706
8707
8711
8712
8713
8715
8716
8719
8720
8721
8722
8723
8725
8726
8727
8729
8730
8731
8732
8734
8735
8736
8737
8739
8740
8742
8744
8745
8750
8751
8752
8753
8754
8755
8756
8760
8764
8767
8768
8770
8771
8772
8773
8774
8776
8777
8778
8779
8781
8782
8783
8789
8790
8791
8793
8794
8795
8796
8798
8799
8800
8801
8803
8807
8808
8810
8811
8814
8815
8817
8819
8821
8822
8825
8826
8828
8831
8833
8834
8837
8841
8843
8844
8845
8846
8848
8851
8852
8853
8854
8855
8857
8859
8860
8861
8864
8865
8866
8867
8868
8872
8874
8875
8876
8877
8879
8881
8882
8885
8886
8887
8888
8889
8890
8891
8892
8894
8896
8897
8899
8900
8903
8904
8905
8906
8909
8911
8912
8913
8916
8918
8919
8920
8922
8925
8927
8928
8929
8930
8931
8933
8936
8937
8939
8943
8945
8947
8949
8953
8954
8956
8957
8958
8959
8961
8966
8968
8969
8970
8972
8973
8974
8975
8978
8980
8981
8982
8984
8985
8987
8989
8990
8993
8994
8995
8996
9000
9005
9007
9008
9009
9010
9013
9014
9017
9021
9022
9023
9024
9027
9028
9031
9032
9035
9036
9038
9040
9041
9048
9050
9052
9053
9056
9057
9058
9059
9060
9061
9064
9065
9068
9069
9070
9071
9074
9075
9076
9078
9081
9084
9086
9087
9088
9090
9092
9093
9094
9095
9097
9098
9100
9102
9103
9104
9106
9107
9108
9112
9116
9117
9118
9119
9120
9121
9127
9129
9130
9131
9132
9135
9137
9139
9140
9141
9142
9143
9144
9146
9147
9150
9152
9153
9156
9158
9162
9163
9165
9166
9167
9168
9169
9170
9172
9173
9174
9177
9180
9181
9184
9185
9186
9187
9188
9189
9191
9193
9194
9197
9198
9199
9201
9203
9206
9208
9209
9210
9214
9215
9217
9218
9219
9222
9223
9224
9225
9229
9231
9232
9235
9236
9237
9238
9239
9240
9244
9246
9249
9253
9255
9259
9264
9265
9266
9268
9269
9271
9272
9275
9276
9277
9279
9280
9282
9284
9286
9287
9291
9292
9293
9294
9295
9296
9298
9299
9300
9301
9302
9303
9306
9307
9308
9309
9310
9311
9312
9314
9316
9317
9319
9320
9321
9323
9324
9325
9328
9330
9332
9336
9338
9339
9340
9341
9342
9345
9346
9347
9348
9349
9351
9352
9353
9355
9356
9358
9360
9361
9364
9365
9367
9368
9371
9374
9375
9376
9378
9380
9381
9382
9383
9384
9385
9389
9390
9391
9392
9393
9397
9398
9401
9402
9403
9405
9406
9407
9408
9409
9411
9413
9414
9417
9418
9419
9421
9427
9429
9430
9431
9432
9433
9434
9435
9437
9438
9440
9441
9443
9445
9447
9449
9450
9452
9457
9459
9460
9461
9462
9465
9466
9467
9468
9469
9470
9472
9474
9475
9477
9479
9482
9487
9488
9489
9490
9492
9494
9496
9498
9499
9502
9503
9509
9511
9512
9513
9514
9515
9517
9518
9520
9521
9522
9526
9527
9528
9529
9531
9532
9533
9536
9537
9538
9539
9540
9541
9542
9543
9544
9546
9548
9550
9553
9555
9557
9558
9559
9560
9563
9564
9568
9571
9572
9573
9574
9576
9578
9579
9580
9581
9585
9587
9588
9589
9590
9591
9593
9596
9598
9600
9603
9605
9606
9607
9608
9609
9610
9611
9612
9615
9616
9618
9619
9620
9623
9624
9626
9627
9629
9630
9633
9635
9636
9638
9639
9640
9642
9643
9644
9645
9647
9648
9649
9650
9651
9652
9656
9657
9659
9660
9661
9662
9663
9664
9665
9668
9671
9673
9676
9680
9689
9691
9693
9695
9696
9697
9701
9702
9703
9704
9711
9712
9717
9718
9722
9723
9724
9727
9728
9729
9730
9732
9733
9734
9735
9738
9740
9741
9742
9743
9744
9745
9746
9747
9751
9753
9754
9756
9757
9758
9759
9761
9762
9765
9766
9767
9768
9770
9771
9773
9774
9775
9776
9777
9778
9779
9782
9783
9784
9786
9787
9792
9793
9794
9795
9796
9799
9801
9803
9805
9808
9809
9810
9811
9812
9813
9814
9815
9816
9819
9820
9822
9823
9825
9826
9828
9830
9834
9835
9836
9837
9838
9840
9842
9843
9847
9848
9849
9850
9851
9852
9853
9856
9857
9859
9862
9863
9864
9865
9866
9870
9871
9872
9873
9874
9875
9878
9881
9884
9886
9888
9889
9890
9891
9892
9893
9894
9895
9896
9897
9898
9900
9901
9902
9903
9904
9905
9906
9907
9908
9912
9913
9916
9918
9920
9922
9923
9924
9925
9926
9927
9930
9931
9936
9937
9938
9941
9942
9943
9945
9946
9947
9950
9951
9953
9954
9958
9959
9961
9963
9964
9965
9966
9967
9968
9969
9970
9971
9972
9975
9977
9978
9980
9981
9982
9983
9984
9986
9987
9989
9990
9992
9993
9994
9995
9996
