31
643
717
53
866
924
614
303
666
452
404
49
956
502
549
862
414
397
216
319
973
113
943
385
770
424
262
78
791
580
529
215
122
271
312
434
676
14
740
768
519
886
958
479
557
315
213
384
422
632
478
379
843
353
456
765
188
702
985
521
98
618
291
86
735
421
898
330
102
74
406
883
900
463
620
608
79
418
541
920
783
369
178
662
115
15
575
50
721
570
289
66
318
964
755
826
44
151
107
807
242
354
307
359
323
398
370
508
962
806
980
82
955
912
818
986
240
680
326
961
733
387
248
746
516
89
435
292
628
462
156
610
857
451
756
822
250
314
910
969
930
572
833
222
726
152
474
26
708
72
376
293
277
210
417
754
349
226
425
780
491
847
711
281
162
602
923
569
622
252
624
767
823
889
263
366
554
224
808
651
337
334
661
106
797
109
836
686
658
187
500
134
68
832
800
453
171
196
667
957
219
905
175
927
696
803
776
600
981
976
935
185
39
558
555
599
52
253
695
842
684
101
332
664
35
747
125
779
84
34
347
911
27
65
984
675
230
698
587
856
689
272
490
938
193
796
237
705
392
184
119
468
441
496
38
382
93
633
700
411
511
344
793
591
317
309
948
972
838
785
787
653
402
568
501
804
177
129
243
860
17
361
120
652
539
581
274
236
227
393
734
538
355
736
840
801
934
527
789
890
551
894
631
460
455
428
870
944
269
41
481
395
510
364
75
488
668
32
437
931
436
586
784
247
140
409
714
697
903
526
257
444
954
953
214
440
450
933
853
159
681
743
805
136
446
685
679
861
400
559
200
571
465
913
46
163
533
24
753
258
117
574
207
239
399
64
261
443
268
294
377
846
16
917
313
118
582
338
534
208
135
345
167
540
858
477
995
77
97
110
844
245
133
132
625
630
311
448
790
310
62
621
523
716
659
819
788
737
781
594
626
137
254
646
388
514
974
61
308
42
950
442
605
922
28
792
381
531
820
1
649
544
998
149
815
888
762
331
367
241
36
959
996
949
45
546
543
351
636
875
60
348
609
918
335
13
147
485
123
94
182
738
829
103
362
977
235
928
902
884
499
88
25
194
266
54
665
497
810
138
433
67
970
907
794
394
989
8
116
629
560
124
114
251
999
872
940
371
690
729
195
148
509
189
656
876
763
991
339
952
576
880
127
663
255
407
412
7
506
471
403
966
91
994
751
378
688
126
732
284
249
105
904
324
983
181
715
76
275
432
975
830
731
593
619
100
96
391
85
637
99
165
234
814
773
707
712
493
617
302
431
498
142
218
583
43
863
782
638
158
473
839
259
709
264
512
57
691
390
466
869
280
423
12
640
997
914
20
978
461
855
774
415
648
891
405
908
131
228
936
10
532
718
304
682
352
524
21
825
786
730
191
484
813
209
505
971
298
699
320
778
168
567
59
965
893
701
561
358
283
333
584
73
750
771
816
470
758
343
413
206
992
416
590
687
459
130
654
80
723
183
585
885
939
693
211
164
299
566
4
121
346
677
475
288
867
6
604
244
802
336
929
916
683
267
231
634
429
63
562
90
644
153
535
739
205
873
447
589
727
270
144
176
864
720
58
427
401
316
150
95
469
835
476
23
831
325
179
967
859
887
909
611
11
145
741
445
761
438
480
47
942
603
492
759
356
180
601
489
941
547
48
282
81
365
286
550
694
657
287
879
160
749
92
865
851
495
821
486
306
517
925
678
408
212
728
305
507
530
895
329
296
545
260
223
360
811
328
5
849
577
139
968
745
692
841
963
3
616
70
748
824
265
380
111
834
704
612
350
482
220
799
290
548
279
198
828
987
706
457
837
108
812
458
322
564
874
449
769
383
518
827
607
552
166
494
112
588
69
233
542
190
606
256
246
513
798
881
993
520
430
71
232
926
155
896
596
487
467
795
579
946
439
300
660
877
0
752
368
595
464
669
655
915
341
937
672
724
221
650
273
29
772
627
757
537
556
301
817
201
597
199
525
760
128
30
51
979
40
295
563
868
988
982
710
340
671
87
33
386
19
615
845
951
719
173
613
990
623
878
161
172
389
37
642
744
578
372
725
197
536
764
203
921
83
342
848
410
483
892
850
375
742
871
777
809
141
713
18
238
528
553
420
373
157
9
592
515
504
419
945
775
204
722
55
598
357
906
882
932
22
641
703
363
396
146
285
503
297
854
225
897
154
670
852
674
901
169
278
645
374
217
192
202
472
639
229
170
174
960
635
647
565
56
143
426
919
276
899
454
327
766
186
321
673
947
104
2
573
522
31
643
717
53
866
924
614
303
666
452
404
49
956
502
549
862
414
397
216
319
973
113
943
385
770
424
262
78
791
580
529
215
122
271
312
434
676
14
740
768
519
886
958
479
557
315
213
384
422
632
478
379
843
353
456
765
188
702
985
521
98
618
291
86
735
421
898
330
102
74
406
883
900
463
620
608
79
418
541
920
783
369
178
662
115
15
575
50
721
570
289
66
318
964
755
826
44
151
107
807
242
354
307
359
323
398
370
508
962
806
980
82
955
912
818
986
240
680
326
961
733
387
248
746
516
89
435
292
628
462
156
610
857
451
756
822
250
314
910
969
930
572
833
222
726
152
474
26
708
72
376
293
277
210
417
754
349
226
425
780
491
847
711
281
162
602
923
569
622
252
624
767
823
889
263
366
554
224
808
651
337
334
661
106
797
109
836
686
658
187
500
134
68
832
800
453
171
196
667
957
219
905
175
927
696
803
776
600
981
976
935
185
39
558
555
599
52
253
695
842
684
101
332
664
35
747
125
779
84
34
347
911
27
65
984
675
230
698
587
856
689
272
490
938
193
796
237
705
392
184
119
468
441
496
38
382
93
633
700
411
511
344
793
591
317
309
948
972
838
785
787
653
402
568
501
804
177
129
243
860
17
361
120
652
539
581
274
236
227
393
734
538
355
736
840
801
934
527
789
890
551
894
631
460
455
428
870
944
269
41
481
395
510
364
75
488
668
32
437
931
436
586
784
247
140
409
714
697
903
526
257
444
954
953
214
440
450
933
853
159
681
743
805
136
446
685
679
861
400
559
200
571
465
913
46
163
533
24
753
258
117
574
207
239
399
64
261
443
268
294
377
846
16
917
313
118
582
338
534
208
135
345
167
540
858
477
995
77
97
110
844
245
133
132
625
630
311
448
790
310
62
621
523
716
659
819
788
737
781
594
626
137
254
646
388
514
974
61
308
42
950
442
605
922
28
792
381
531
820
1
649
544
998
149
815
888
762
331
367
241
36
959
996
949
45
546
543
351
636
875
60
348
609
918
335
13
147
485
123
94
182
738
829
103
362
977
235
928
902
884
499
88
25
194
266
54
665
497
810
138
433
67
970
907
794
394
989
8
116
629
560
124
114
251
999
872
940
371
690
729
195
148
509
189
656
876
763
991
339
952
576
880
127
663
255
407
412
7
506
471
403
966
91
994
751
378
688
126
732
284
249
105
904
324
983
181
715
76
275
432
975
830
731
593
619
100
96
391
85
637
99
165
234
814
773
707
712
493
617
302
431
498
142
218
583
43
863
782
638
158
473
839
259
709
264
512
57
691
390
466
869
280
423
12
640
997
914
20
978
461
855
774
415
648
891
405
908
131
228
936
10
532
718
304
682
352
524
21
825
786
730
191
484
813
209
505
971
298
699
320
778
168
567
59
965
893
701
561
358
283
333
584
73
750
771
816
470
758
343
413
206
992
416
590
687
459
130
654
80
723
183
585
885
939
693
211
164
299
566
4
121
346
677
475
288
867
6
604
244
802
336
929
916
683
267
231
634
429
63
562
90
644
153
535
739
205
873
447
589
727
270
144
176
864
720
58
427
401
316
150
95
469
835
476
23
831
325
179
967
859
887
909
611
11
145
741
445
761
438
480
47
942
603
492
759
356
180
601
489
941
547
48
282
81
365
286
550
694
657
287
879
160
749
92
865
851
495
821
486
306
517
925
678
408
212
728
305
507
530
895
329
296
545
260
223
360
811
328
5
849
577
139
968
745
692
841
963
3
616
70
748
824
265
380
111
834
704
612
350
482
220
799
290
548
279
198
828
987
706
457
837
108
812
458
322
564
874
449
769
383
518
827
607
552
166
494
112
588
69
233
542
190
606
256
246
513
798
881
993
520
430
71
232
926
155
896
596
487
467
795
579
946
439
300
660
877
0
752
368
595
464
669
655
915
341
937
672
724
221
650
273
29
772
627
757
537
556
301
817
201
597
199
525
760
128
30
51
979
40
295
563
868
988
982
710
340
671
87
33
386
19
615
845
951
719
173
613
990
623
878
161
172
389
37
642
744
578
372
725
197
536
764
203
921
83
342
848
410
483
892
850
375
742
871
777
809
141
713
18
238
528
553
420
373
157
9
592
515
504
419
945
775
204
722
55
598
357
906
882
932
22
641
703
363
396
146
285
503
297
854
225
897
154
670
852
674
901
169
278
645
374
217
192
202
472
639
229
170
174
960
635
647
565
56
143
426
919
276
899
454
327
766
186
321
673
947
104
2
573
522
31
643
717
53
866
924
614
303
666
452
404
49
956
502
549
862
414
397
216
319
973
113
943
385
770
424
262
78
791
580
529
215
122
271
312
434
676
14
740
768
519
886
958
479
557
315
213
384
422
632
478
379
843
353
456
765
188
702
985
521
98
618
291
86
735
421
898
330
102
74
406
883
900
463
620
608
79
418
541
920
783
369
178
662
115
15
575
50
721
570
289
66
318
964
755
826
44
151
107
807
242
354
307
359
323
398
370
508
962
806
980
82
955
912
818
986
240
680
326
961
733
387
248
746
516
89
435
292
628
462
156
610
857
451
756
822
250
314
910
969
930
572
833
222
726
152
474
26
708
72
376
293
277
210
417
754
349
226
425
780
491
847
711
281
162
602
923
569
622
252
624
767
823
889
263
366
554
224
808
651
337
334
661
106
797
109
836
686
658
187
500
134
68
832
800
453
171
196
667
957
219
905
175
927
696
803
776
600
981
976
935
185
39
558
555
599
52
253
695
842
684
101
332
664
35
747
125
779
84
34
347
911
27
65
984
675
230
698
587
856
689
272
490
938
193
796
237
705
392
184
119
468
441
496
38
382
93
633
700
411
511
344
793
591
317
309
948
972
838
785
787
653
402
568
501
804
177
129
243
860
17
361
120
652
539
581
274
236
227
393
734
538
355
736
840
801
934
527
789
890
551
894
631
460
455
428
870
944
269
41
481
395
510
364
75
488
668
32
437
931
436
586
784
247
140
409
714
697
903
526
257
444
954
953
214
440
450
933
853
159
681
743
805
136
446
685
679
861
400
559
200
571
465
913
46
163
533
24
753
258
117
574
207
239
399
64
261
443
268
294
377
846
16
917
313
118
582
338
534
208
135
345
167
540
858
477
995
77
97
110
844
245
133
132
625
630
311
448
790
310
62
621
523
716
659
819
788
737
781
594
626
137
254
646
388
514
974
61
308
42
950
442
605
922
28
792
381
531
820
1
649
544
998
149
815
888
762
331
367
241
36
959
996
949
45
546
543
351
636
875
60
348
609
918
335
13
147
485
123
94
182
738
829
103
362
977
235
928
902
884
499
88
25
194
266
54
665
497
810
138
433
67
970
907
794
394
989
8
116
629
560
124
114
251
999
872
940
371
690
729
195
148
509
189
656
876
763
991
339
952
576
880
127
663
255
407
412
7
506
471
403
966
91
994
751
378
688
126
732
284
249
105
904
324
983
181
715
76
275
432
975
830
731
593
619
100
96
391
85
637
99
165
234
814
773
707
712
493
617
302
431
498
142
218
583
43
863
782
638
158
473
839
259
709
264
512
57
691
390
466
869
280
423
12
640
997
914
20
978
461
855
774
415
648
891
405
908
131
228
936
10
532
718
304
682
352
524
21
825
786
730
191
484
813
209
505
971
298
699
320
778
168
567
59
965
893
701
561
358
283
333
584
73
750
771
816
470
758
343
413
206
992
416
590
687
459
130
654
80
723
183
585
885
939
693
211
164
299
566
4
121
346
677
475
288
867
6
604
244
802
336
929
916
683
267
231
634
429
63
562
90
644
153
535
739
205
873
447
589
727
270
144
176
864
720
58
427
401
316
150
95
469
835
476
23
831
325
179
967
859
887
909
611
11
145
741
445
761
438
480
47
942
603
492
759
356
180
601
489
941
547
48
282
81
365
286
550
694
657
287
879
160
749
92
865
851
495
821
486
306
517
925
678
408
212
728
305
507
530
895
329
296
545
260
223
360
811
328
5
849
577
139
968
745
692
841
963
3
616
70
748
824
265
380
111
834
704
612
350
482
220
799
290
548
279
198
828
987
706
457
837
108
812
458
322
564
874
449
769
383
518
827
607
552
166
494
112
588
69
233
542
190
606
256
246
513
798
881
993
520
430
71
232
926
155
896
596
487
467
795
579
946
439
300
660
877
0
752
368
595
464
669
655
915
341
937
672
724
221
650
273
29
772
627
757
537
556
301
817
201
597
199
525
760
128
30
51
979
40
295
563
868
988
982
710
340
671
87
33
386
19
615
845
951
719
173
613
990
623
878
161
172
389
37
642
744
578
372
725
197
536
764
203
921
83
342
848
410
483
892
850
375
742
871
777
809
141
713
18
238
528
553
420
373
157
9
592
515
504
419
945
775
204
722
55
598
357
906
882
932
22
641
703
363
396
146
285
503
297
854
225
897
154
670
852
674
901
169
278
645
374
217
192
202
472
639
229
170
174
960
635
647
565
56
143
426
919
276
899
454
327
766
186
321
673
947
104
2
573
522
