695
3816
4037
1767
2650
2146
1667
1346
2547
673
1509
2191
2606
4651
712
2452
1718
2120
2758
4845
1684
1728
1101
4605
1735
3092
643
321
984
1802
1511
182
4306
4867
4508
2127
530
4959
3721
2676
3635
3372
2247
2596
4886
309
4745
4813
3754
455
4898
3055
478
3464
1981
803
1309
1577
2512
4639
1967
3013
2313
4153
4956
2082
1478
3280
3267
681
4929
4349
3553
809
1764
3384
2724
2882
4941
3749
3883
1273
2053
3212
2041
2018
4199
510
4670
3012
2128
4712
1687
2209
4051
4830
3201
4244
410
1
2519
4831
201
922
1423
1907
3352
2196
3607
4731
2376
2318
2287
1680
1676
3446
795
3942
4140
2774
4220
2180
4623
1483
354
4647
694
4933
3603
1744
1732
1105
2947
773
2518
3994
1616
3193
3605
4156
2216
4622
3425
813
2930
4660
3076
4868
4801
88
68
3534
263
3645
3176
1770
4198
129
2933
930
1019
849
1553
156
1424
2686
3350
1530
1030
4124
1114
4702
661
4083
2288
2334
2064
4788
1902
2408
2554
1878
177
2083
1170
1890
342
2705
4521
470
1034
3319
1514
2617
1843
2132
2063
2920
629
2578
1503
2751
1286
4597
3268
4143
3714
2546
801
3306
212
4383
257
1626
3830
2424
2037
2810
1182
2980
3737
4401
3158
4550
370
1024
1386
4519
3756
1240
3333
4414
3500
4562
572
300
4213
2602
3960
2957
272
4753
3665
1828
3970
3247
2533
4161
701
551
4544
992
1398
23
4507
2673
3103
628
4128
4446
1652
268
1179
2927
648
968
3508
1662
672
3940
1739
741
4994
4576
4024
4345
4052
802
4170
1540
519
1939
3959
126
1551
4560
507
4172
3237
2641
826
4361
3408
3072
819
2823
49
588
3988
2848
4481
3454
2937
1608
1983
713
148
73
3638
2781
1535
3177
1692
4797
2468
4394
2497
2707
1527
2141
1646
471
1683
3558
1642
3037
2482
4122
501
3576
2837
2378
3852
1384
745
2272
853
4010
467
2005
3498
842
4957
533
4741
2723
4040
4272
4927
1691
2289
3485
3976
996
2935
163
1638
166
1641
1348
3209
1026
2557
420
4861
4006
1151
1842
262
2266
4662
2489
1927
4631
2044
942
4100
2873
3325
625
2029
804
2948
927
2880
3203
3897
3648
3480
567
3301
3192
2806
1470
4406
2993
517
1450
2710
1598
1748
684
660
358
1813
4065
3355
3904
2201
1097
1352
587
4939
2161
195
4784
4875
1914
435
2966
3216
3140
2639
52
1306
1302
1438
133
2662
1870
3414
4436
874
1314
4960
4676
2433
4502
654
3452
1153
970
4512
3968
3580
1997
4722
143
346
364
3461
3774
2532
1073
3604
2869
3882
2494
2072
4817
3236
287
1713
4744
3831
2580
691
273
3351
3857
4601
4177
2067
433
4116
4607
2298
1787
3697
2338
1100
3863
2548
4633
725
3412
138
1129
102
2531
2387
2107
631
1808
162
4969
1463
2049
863
208
3689
4724
3555
1157
384
717
3389
836
4995
4595
2292
4836
2654
4900
2908
2235
4792
4485
124
818
3123
2358
1822
299
1301
2188
2759
186
3293
1091
442
2357
3906
2074
1218
2094
1561
1832
3550
4715
4717
1342
4794
223
41
3052
3354
29
2720
977
1725
4793
3971
4491
2668
2567
934
1448
4224
4697
2516
3952
3340
44
3165
4528
1491
1733
3449
3198
2228
445
4351
3874
4464
3398
96
394
1825
3169
1876
1985
3080
1723
4971
4594
875
4396
3195
3514
3505
4718
3335
2225
4614
2626
4399
2544
4311
962
48
2975
4755
452
4261
2538
4542
3395
1721
2007
2986
561
4750
781
421
2084
2956
4209
1548
1798
4
1885
2861
196
3809
2399
4992
344
2186
107
1237
4746
2612
3554
2552
3716
1259
4214
4526
2126
535
3197
1578
131
4841
4615
2659
1724
4146
248
1469
868
187
1745
3517
1189
4693
1007
698
2070
3324
2011
676
271
4206
3388
2487
2987
2389
3937
3996
1139
1864
1717
2938
941
4411
1903
4785
1293
1849
2133
2232
3207
2344
4262
4387
1737
4264
2820
3848
324
3890
1826
926
3349
3021
366
4173
4734
1944
4454
3742
99
81
987
3472
1632
4254
2788
4033
2476
1510
2732
4294
1603
4103
1720
1267
3700
2929
2010
2003
356
1372
4832
737
2123
104
2768
5
1002
1854
4848
2366
1178
1546
3916
110
975
4184
1371
3856
4719
2077
1949
1148
3630
4219
1884
4330
3866
3724
1589
1187
2324
2669
3641
1330
2916
3495
2262
2498
3811
1161
4510
2822
1505
4567
793
2910
4739
2043
3912
3859
602
4805
252
2636
3902
1534
2302
1768
4968
3666
2035
3962
823
1150
3256
1184
326
565
4431
3907
2739
2016
2541
4628
1780
3582
2953
549
1962
2169
105
520
3061
2514
3079
320
989
2941
1176
2970
3468
2780
4973
1897
659
969
241
611
2600
3116
747
1136
4048
3040
4342
3224
4952
1446
3792
316
3921
2495
3208
302
1403
3588
1224
1163
2635
3569
2118
2175
3808
647
1847
1502
132
1255
1127
3732
2396
596
2719
2872
895
3032
916
4683
4599
902
2694
2004
4287
724
4497
4826
2965
1327
2486
3556
1298
4921
1217
1777
489
2992
2451
3127
3000
3631
231
3338
4215
1165
426
3948
1278
2471
4687
1537
2540
1827
2855
4700
1282
3393
721
1227
4013
136
347
3503
3591
87
734
4417
4679
558
3941
907
3593
1009
1896
3045
3625
90
4736
4192
1644
3519
4357
707
3629
3823
2685
4340
2683
3323
4225
3688
2537
678
3642
4373
3950
1636
864
3375
398
2444
3249
4505
4167
3101
3042
4188
1506
4185
2420
482
4098
3311
19
4285
1867
1366
3367
2515
3151
2593
3896
17
1741
3374
2589
4950
1730
294
1251
1429
4776
3802
3785
731
4363
3826
2256
1345
4588
3060
4565
4674
2988
3798
4158
1693
4799
327
1180
4021
285
892
4509
3794
4844
3473
3362
1945
56
4451
2620
3154
4522
2922
4127
4056
4944
3707
4947
4322
1600
1729
4582
4450
2477
761
3825
2197
2261
4657
1332
1261
1052
4654
3878
4495
460
3898
3104
1154
383
914
2103
825
67
4197
1042
2799
2349
2954
1524
653
2362
4761
1435
2138
852
4403
1064
4334
2651
1736
3992
1401
4268
2130
2865
3269
3107
4743
3416
2461
3200
4149
2478
1421
505
3752
855
1710
1041
1290
2470
1135
2117
4201
4685
298
2268
1750
315
1779
1658
1459
3885
2598
2055
4882
1895
1688
1209
3858
799
4569
3211
4479
1528
1543
496
2570
488
3188
3908
1244
1887
2582
4538
3864
4157
2846
577
689
1576
3069
3793
4584
4543
3991
2951
2997
2653
2543
622
2315
2605
3610
4682
1210
1756
2254
1284
1747
4648
904
1365
733
4309
4019
3728
3371
4422
3403
91
2445
1474
666
28
95
1102
4448
4347
2153
1318
2212
4677
3341
4036
1032
477
4572
640
891
2727
1754
2341
3432
258
142
4955
4634
1025
260
1122
3849
1146
670
228
3286
2610
4386
2282
4938
4530
2892
671
4899
3437
4303
4798
4730
3100
3149
626
431
4665
4901
1773
1926
4993
3330
2792
15
1599
4856
2353
4438
1395
4645
754
1003
2252
1936
306
2218
1879
4767
450
219
878
3404
373
4374
3386
3695
748
846
3172
437
1382
3273
511
1051
3017
1399
2853
2809
2134
304
2978
1369
2808
4922
2840
4212
4187
3784
3279
1651
2881
2551
2206
1214
313
1699
2738
114
4696
3575
1820
75
2996
794
3854
715
42
2488
3592
650
2755
3507
2898
4443
60
2836
1392
4134
343
1095
4902
30
2492
792
1574
4044
1882
862
240
4368
3026
4182
2071
3837
1851
2214
4395
2069
1076
4710
1397
816
2413
2229
4640
3511
2968
3875
2458
1355
3484
4281
4118
2824
3797
4972
2831
3136
4986
3178
2894
4350
2283
1755
2414
869
3652
4026
3914
1679
3370
2295
1394
4948
1443
1458
3320
2087
2661
4059
1801
1276
3161
4471
702
3585
499
4692
4323
1811
1031
140
2599
4477
210
2057
503
1928
2448
1940
3710
4809
76
981
1996
3018
3145
4076
1124
3093
4293
4577
758
1071
267
459
4091
1708
4109
2811
1254
4891
2888
3265
2301
2140
2735
636
1484
2767
2813
2901
1694
1285
3622
2322
322
805
1221
4981
2015
1649
854
171
2154
2711
870
974
3281
4858
4235
4579
1265
1753
3430
3522
3655
2716
3851
1643
3187
2864
4255
226
3479
3379
3910
2189
4442
3053
4714
2896
1572
690
3653
1815
3543
3497
2332
3492
3483
4511
4148
2258
2328
2340
4291
3935
3150
3877
2499
1316
4987
4837
978
4642
92
1288
1654
338
1933
3617
2352
3993
2403
2874
2380
1993
686
3817
2455
4876
3574
1416
928
3063
2449
1751
1898
1765
4487
1620
527
4759
1839
4571
791
498
4905
547
233
2395
2945
1894
2884
4353
1324
2105
4661
2174
4907
4364
3609
522
1672
779
3087
492
1145
4338
3064
2111
4390
2047
3720
2415
2354
1471
2098
2666
2982
1968
3736
381
2860
700
4563
485
4226
340
1415
4168
58
3969
3314
3074
167
3133
1197
4638
332
413
3419
4465
4946
2347
722
2793
4667
349
69
1177
3109
1297
2194
1295
265
4297
3643
2152
425
1497
168
392
1183
4393
1070
644
3180
3162
4169
4472
3363
2870
1560
966
3501
1018
2800
4486
1143
848
4120
1531
3891
2397
3196
4001
1455
1468
4470
858
443
3387
4889
1542
3835
3038
2816
2404
4646
933
4054
2909
1669
2844
2607
1235
4807
2699
921
2245
3924
3889
1405
214
4108
1112
1103
4041
3662
4887
4926
584
1629
2163
190
543
3424
1792
3634
4456
1788
4732
1840
1350
4869
3701
1925
3435
1425
3765
2351
4853
1489
4768
3160
884
4111
4906
4803
2237
2913
1155
3723
197
2325
4282
4331
325
178
2509
2652
2355
0
25
889
2066
2422
3397
769
2700
199
253
4324
4618
4204
2394
2769
1869
844
1861
2791
3303
3152
2363
2649
3696
4207
576
2046
53
1539
4115
2524
2573
4804
4366
3400
4420
2006
4535
3524
693
3762
1677
4865
4171
807
2155
4754
1419
1262
1230
4410
3702
3563
3399
881
1229
2129
2804
1109
1523
949
281
3097
2940
3331
4413
4554
4090
4378
1727
4757
3561
465
4855
3909
2326
4961
4317
3997
4709
1029
4452
2677
3275
242
3660
269
582
1992
3944
4332
4566
1088
923
677
1433
1131
3510
3148
2936
1374
1990
3385
2779
1946
834
1639
3413
3521
1385
1567
4165
3545
1115
2960
1601
2219
4652
353
4936
3010
903
2591
3955
137
2173
4593
1904
4365
1417
1358
189
3329
4444
289
1393
1771
1613
451
4429
3121
2876
2684
739
4603
2944
2905
395
940
1412
830
2977
1027
145
2333
1381
3540
4355
599
4418
2472
3551
4478
3995
774
2590
4126
1472
1270
876
3978
491
371
4859
3168
3460
256
3868
1611
1449
3420
2271
1063
2640
2304
382
2089
1595
3008
428
2856
1133
4049
4236
898
2060
3077
3206
4884
1901
4600
4384
2726
2374
2104
3317
115
1173
2062
2692
378
1793
1602
2438
2286
4278
4461
1859
687
1880
4023
3451
2125
282
1494
2320
323
3901
810
3626
4003
1618
590
4806
2702
788
312
1807
3927
4953
657
718
2076
4846
1188
106
3527
1529
3536
4312
744
2307
4419
1263
4079
4043
1831
3067
4978
2377
1881
3546
2833
3872
3259
2040
3788
3186
729
118
444
4890
2984
958
375
4163
4989
2329
4119
2435
1038
2946
98
4328
2192
1016
4951
1299
2236
3813
3541
122
2917
2656
2147
1865
639
493
1274
2210
3973
74
1380
2523
4911
4499
1247
1533
79
3671
2284
2527
1481
4397
4223
2521
2164
908
2475
276
484
3764
1098
2114
944
3470
850
4990
4766
1746
2427
4131
4931
642
4267
2964
1400
1675
3292
4552
2184
466
3358
3047
620
1988
4290
998
1805
4656
603
3245
808
3989
3183
1796
4625
4164
2001
3961
1099
3272
3105
1430
1308
3243
430
1507
468
578
1220
1943
4609
1075
4895
1957
1162
1152
3164
3931
4910
2814
4596
2857
314
415
4093
246
2242
3396
3682
1760
3727
3586
1580
1391
2749
1303
1550
2250
2221
3984
4821
2369
2217
3923
2714
1351
1995
1310
4280
1305
3094
1108
1916
1953
4611
153
2440
3945
217
2733
2502
4283
1836
4348
3981
4701
3111
402
3182
4894
3871
1743
2829
4057
1974
441
723
1333
3264
548
4074
999
1763
3217
575
1200
1495
3049
1012
4333
3163
291
3529
4099
3332
900
4070
606
2303
479
101
3252
911
4823
2441
3685
871
3036
3839
1682
4372
2690
1043
2365
2973
2481
782
4688
4738
3632
164
1980
524
1201
3668
3285
2230
2227
35
376
2426
3238
179
4421
1579
119
772
1979
4581
757
909
1911
3939
1810
2368
2423
2507
4190
3743
4138
1999
1566
3261
4302
4329
2244
3775
184
3963
4463
227
4680
216
1383
4897
3740
4377
2240
2317
1320
2339
1096
3240
1627
2024
2257
3058
2742
3409
851
1246
3892
193
544
778
2215
3044
4666
664
232
2771
1868
1888
4211
552
7
2513
4828
1249
1338
4621
3295
1451
4883
3321
756
2911
2576
2081
4496
2178
134
4136
1931
2379
3253
117
867
2535
880
2253
169
3235
206
1441
4175
2023
3254
630
910
798
1594
563
3486
1670
3031
1749
113
797
4816
405
4772
4764
3706
1241
1156
1021
1373
1892
4064
2290
3234
2852
2854
3251
2360
4359
3535
3155
3518
4032
2972
2308
2549
149
1275
924
4229
4570
4529
586
283
2265
1930
4416
1243
1337
3790
1447
2830
2310
1619
3059
685
449
1053
3880
4708
2370
3624
1142
4304
4727
439
705
211
2143
2381
377
141
4440
1571
4241
3633
1359
474
2644
2795
4575
4014
2932
3462
3343
637
3899
3777
1500
3421
1313
71
4210
1442
3458
4641
986
1628
4284
22
2417
3478
2883
14
2679
1569
367
447
4643
259
4980
2050
160
3615
4072
2989
1976
221
4669
1181
2342
3781
1519
515
4434
3499
4873
2279
3708
2981
4310
1863
3722
3783
4716
2632
3438
2974
1172
3658
1408
225
2660
2998
1742
994
4769
3179
4277
1786
120
3726
180
980
1192
3595
2185
4814
1625
815
3678
1862
3744
181
976
4196
935
3539
1445
2139
2729
2595
3428
3698
732
4315
1709
708
3239
2950
1581
1703
2817
424
4825
3953
1850
1198
408
4433
2330
1982
4253
570
3181
4822
1905
4527
1465
4441
1479
2530
1648
1223
3763
3039
2834
3417
4279
2300
1707
1453
4723
4346
571
4551
1376
3373
4488
3406
1554
2572
1671
2170
4358
2745
1673
4587
3579
3139
1789
2401
4094
3804
1919
2019
4878
440
2603
4525
937
3803
2658
973
918
16
4760
1846
514
2725
3964
2728
1271
4549
4027
3225
1588
2645
1834
4459
662
4121
2891
2765
457
3316
1973
3227
2031
2902
4617
3465
1635
1280
350
2845
4300
3884
3081
4273
1344
1806
4668
1281
1794
2187
18
2306
2866
1872
3900
1948
3664
3619
2918
3117
513
1106
1086
146
4230
859
4080
1456
461
3194
4130
1370
270
3782
4923
1998
906
155
295
4874
837
4988
3277
3828
597
750
4243
2613
1544
3860
4189
63
2473
473
2160
1705
1941
1647
579
2364
971
59
3597
3738
1321
2696
4705
2805
2542
2772
4022
1964
3730
4561
4205
3594
4242
89
2508
4800
621
4425
1250
2611
789
2447
1248
1473
4532
1816
2431
3715
4009
2586
3467
4802
897
1800
230
3066
369
32
2305
521
812
2747
13
1582
1266
3334
3703
1147
4174
307
4852
1961
2868
4035
529
1343
1272
4107
446
3566
2223
152
3865
194
4096
777
4336
4671
1117
3649
4208
403
1329
2985
3676
2020
2731
1238
2638
2629
4152
1294
1080
4630
494
2346
3895
388
1196
3599
4155
2336
3938
822
3284
2491
2312
4341
3415
1322
1356
4388
1134
1304
3001
4694
4449
3577
310
612
209
147
4728
4228
4713
2033
2190
3278
635
1066
2485
4932
3296
2500
4695
2863
4095
4842
2200
4468
3070
1120
4725
3985
1084
4742
1413
1287
4707
277
4608
3463
4179
4404
1590
93
2618
3090
3699
1819
3360
2631
4239
2051
4240
2464
4129
4756
4455
2095
3958
456
2928
4428
3998
3520
714
3913
4046
4038
4222
2730
4085
4002
663
255
4536
954
3232
4964
674
3440
883
1195
334
2238
652
4781
1685
3559
3433
4068
1960
2536
2943
85
4060
2770
2149
3918
1307
3572
4005
4295
1440
2220
3444
3115
274
2839
988
2585
703
1772
2952
3456
3565
2179
1711
1048
3842
3757
3796
2849
2526
1110
2821
4751
3144
3712
3815
531
4078
4402
1782
541
26
3821
536
719
2609
3287
893
532
3506
3365
4484
4763
3276
3312
4031
890
4541
1357
2797
2480
411
1564
2021
833
2456
2681
2479
1466
811
3283
2182
1607
4851
1758
2203
3745
945
2195
4062
1563
4896
3271
238
3392
3616
4084
290
4673
1289
3832
4030
1005
3189
4720
176
2569
3789
4029
1776
641
753
3132
2454
1757
4984
264
24
1568
1906
604
4564
1552
454
1734
3112
2409
4970
4524
1586
4275
879
1387
4877
3932
1950
2752
4276
3095
785
1701
4498
4445
3670
2630
108
3636
1205
3621
1521
2416
2789
3513
1640
4658
2657
1361
3949
2750
3098
3999
2199
4885
617
751
4305
1325
1853
245
4945
2097
1236
218
4765
3613
2419
4427
2775
4726
3418
589
3966
2259
3213
301
3640
738
1428
615
2348
1661
3544
953
1317
170
495
3304
3310
574
4606
4246
4737
2633
2568
4237
57
2753
3980
557
2110
1889
2784
3628
3141
3568
1963
618
144
2963
3795
1975
2608
3975
2208
2734
3905
2239
1409
1090
1818
2558
2688
2144
3512
1515
3567
2106
1082
1987
4145
50
2002
2667
4534
1704
947
1516
4063
475
2621
2224
1592
1959
4216
2827
1702
3731
2501
4686
1697
2176
2246
2736
2058
1291
4540
3246
3062
3606
3190
462
4313
3627
4916
3739
3004
3533
1475
249
817
1493
1232
845
4699
3791
4081
3380
2412
3488
1752
1292
490
3735
710
3436
3126
4492
2794
4018
4650
913
2392
2556
1866
4523
3493
4271
3009
613
2131
188
4918
1824
397
279
1538
1555
627
4245
4917
2757
4982
1439
2484
400
4698
4771
638
3368
2356
135
385
1791
800
1008
1674
993
3936
1817
4557
4866
4636
4260
2895
2402
2177
311
2663
1252
2867
4872
191
1434
3829
4252
1908
1378
3118
2721
3846
2096
4150
4473
4790
4834
4494
3130
3982
1989
1353
3241
593
939
4553
1762
3346
950
929
4612
1191
3799
1245
4930
4067
351
2463
4088
3611
728
1978
1331
1211
2264
64
83
4501
2812
3767
1512
832
1083
318
2841
1496
4408
9
330
3496
4113
4735
1932
1208
418
2798
4860
3300
3344
4423
1738
4935
3142
4559
1696
3954
1037
1731
2193
1126
3661
2560
3887
4274
404
183
4258
3407
4924
2400
4412
1388
3302
62
1488
3174
432
80
12
2078
4888
3705
3584
2971
2919
2994
3824
4301
1915
4819
952
4591
207
389
1956
1803
4142
3057
4382
1001
3564
200
303
2904
333
3623
4125
2926
1431
4966
222
1681
3741
2198
2092
3810
4218
619
651
2390
1118
4015
3760
3336
1256
4870
2563
215
1690
4610
4058
1559
4151
1972
1545
412
3956
1541
948
4962
4447
1460
2741
2577
3855
743
1174
550
3489
1116
4664
1062
562
1362
3847
4326
379
3490
1759
2032
278
2086
2281
2619
192
128
1044
3528
4546
1420
835
4439
3800
1454
540
4375
4548
3048
4991
4985
4110
3450
368
3411
2135
38
1947
1549
3549
1855
885
2859
1078
3618
4827
3353
4424
1340
4943
3297
990
2838
2079
2093
4704
4087
4325
3159
386
1015
3515
486
2270
4117
3006
4762
1476
787
2393
3675
3487
1698
1829
3469
2430
2550
3690
3086
4321
3405
357
4180
688
3282
2013
2697
2450
3068
4352
4289
2251
2914
2623
526
1740
2763
4356
2116
4556
94
755
4517
4238
2121
2124
1072
2012
4706
3748
82
427
4514
2446
4518
3672
3814
3926
3056
1354
2615
1631
4912
2022
1622
3401
1719
4269
4476
4154
2148
1457
3647
1664
2321
4178
1169
3215
4843
824
4367
4558
1422
2207
3016
3602
1596
1166
417
518
1065
500
4979
4147
2099
965
2976
2717
539
668
175
3137
3313
3674
912
3445
2075
4958
790
4474
3542
2534
979
1341
554
4940
33
3244
3471
3990
1035
4503
185
158
3853
2796
1185
4783
3156
2967
3571
4493
2137
4221
1130
3326
4376
1202
1017
730
2151
2166
1226
1501
1583
1630
3078
4835
3560
4589
2709
1212
2398
537
1125
2061
1812
2575
2157
54
555
4574
1715
2285
2248
3153
1838
4815
1804
2712
3654
280
2382
3861
2616
860
4967
2847
3531
3845
2233
3262
3250
4568
3776
3967
4711
4838
1966
2467
3766
4777
3022
2159
1700
4466
1922
1234
1010
244
1935
3786
4191
763
1556
1411
1462
2962
4598
3693
820
1634
2171
4055
872
1464
4976
542
4000
1167
2955
4380
3390
1233
1268
3893
2748
3023
1000
224
1726
838
407
1852
3019
3015
112
97
3867
4176
2241
2145
2584
4159
2762
4914
951
4008
3
1363
3122
1260
1965
502
1778
2807
4795
2832
866
2150
4489
1203
3220
1132
4426
709
4649
1958
365
3260
4186
2587
3266
4500
3361
546
3033
2100
573
3248
3772
4787
2655
3263
1809
752
3840
1920
2722
3027
2713
1845
1258
3315
843
2871
1653
2065
4840
348
1665
2715
1119
4537
4920
1565
3096
683
2689
2803
634
3291
1558
1079
4975
2263
1821
2695
3612
247
3530
1407
317
1655
3356
1686
4531
3348
509
483
3347
1014
3620
1485
3787
3046
3307
1526
2983
2113
328
614
3637
2439
4833
4247
2278
4430
2875
4407
4132
1573
2889
2474
704
2054
1645
1584
3516
2760
1360
3084
624
2525
4432
1785
3106
360
339
4020
2269
2746
1368
2907
4629
4963
1624
767
409
3834
4928
2361
2429
1663
2597
436
1396
2000
229
4627
3930
4573
4362
2886
3366
740
3711
3441
159
4137
2680
905
972
2646
4779
4335
4913
3035
3138
679
1900
861
1924
2102
3805
4791
828
4102
406
3339
4195
1522
4999
4752
2931
1085
2885
2510
857
4114
4857
1486
2991
3663
888
2934
1536
1141
4370
831
1913
4770
2879
1783
3474
4903
4482
2801
3322
10
3719
3915
3110
2520
2026
2671
1323
2385
3337
1069
2243
70
3583
1013
2205
2337
2136
374
711
8
1769
2672
1239
1418
959
4017
125
2506
786
706
3383
154
736
1659
4469
1404
1467
2466
4200
2014
4259
2273
3051
139
607
27
1253
2204
3030
1837
735
865
3725
4644
1482
205
583
2432
4909
840
3146
1204
4339
2158
692
877
2036
1004
4251
1406
3934
2843
2443
2594
4506
1033
2490
762
1347
3819
3029
1158
4256
4740
568
3020
2034
2539
3124
4689
4893
472
508
2574
1022
4937
2167
4626
2706
2249
4721
3600
1899
4077
3204
4296
2260
39
1242
4266
4193
656
4354
2678
4316
991
3102
6
3677
608
2327
3608
3128
2979
1955
77
2442
3894
726
4202
512
3088
1775
1857
2367
3170
720
3733
4162
288
2878
2168
931
1547
3054
3746
1666
3270
4758
4749
1660
3692
4684
995
236
1077
4934
3434
3328
839
3073
2851
399
2462
2897
2274
3759
2756
2319
4829
600
4453
4166
2437
632
4265
2267
3166
553
2172
925
1050
4655
36
393
920
2790
2108
4547
896
3552
1994
3587
4513
4105
1199
766
3089
716
1092
4369
1144
1311
1518
3680
458
1377
438
2785
585
4307
359
1909
1444
594
2670
78
86
3573
2421
3734
2877
157
886
2293
1277
3751
581
697
4458
3410
422
1678
1047
251
592
434
1912
3806
882
2682
4106
1668
151
1269
3869
4810
1056
2647
2183
2835
4635
3381
3423
3402
1058
1921
680
3684
1326
2048
4880
3214
2090
1216
3656
1848
3659
771
1312
3135
2674
4585
1164
2483
3422
4042
3477
1722
3210
1186
4659
3644
1557
1046
4782
3202
2
3091
121
2314
3801
3947
1610
3258
2923
2893
4954
2604
4590
1039
1883
3143
293
100
3755
45
4811
1951
3838
1991
4343
1766
796
1532
1228
2995
2511
2545
3833
2862
3598
2825
591
3185
2592
682
1480
72
2858
2122
2529
3667
3881
480
3431
699
1349
2958
1375
2309
2277
1508
2418
2786
2754
3221
2691
1609
2743
946
4983
1874
528
516
3827
1823
2648
363
3570
4012
4847
943
3977
4778
3750
1379
2280
915
4435
487
150
43
1193
414
3681
2969
2890
1799
453
2469
1969
1437
174
2428
1175
3439
3987
130
3043
2761
1060
1207
234
2030
4203
1656
4232
4034
3780
286
4415
780
1585
4812
1049
2802
1213
4320
2391
2990
3003
2783
768
3951
764
3925
416
2202
2388
2119
127
4949
65
3769
2234
4467
899
1067
4663
497
361
1830
3523
103
4690
2276
3687
3548
2704
821
3820
3230
4400
204
4583
396
1860
3442
1875
2410
963
2564
3308
3041
4653
3294
2375
4490
2701
4675
873
1587
3228
2528
4774
237
1059
633
2637
116
362
2517
329
1011
1436
2503
4381
4997
2231
4604
55
2942
4475
3590
2939
1923
3761
34
2740
3589
4892
3113
1797
2335
476
4691
2311
2425
3753
2562
1774
2912
545
2675
336
1140
4586
1160
1138
3475
4632
665
4820
2059
2457
1461
341
372
1111
1633
1716
2737
4637
355
3028
1410
4879
1093
4141
3011
1984
3167
2906
2109
1121
997
1045
4462
2925
1971
623
2703
1057
220
1525
109
3171
1104
4533
1833
3526
1714
2718
1040
401
292
1562
173
4839
3850
4850
2297
4818
3231
2459
3305
2787
3917
4286
4977
3547
1490
742
1893
4337
4144
2165
4965
4483
463
4288
2566
2643
765
856
4061
3903
4864
2156
3683
4871
2222
4925
1977
2819
2504
3229
1942
1028
4460
3222
4181
1886
3673
3974
2961
1910
595
481
3768
4379
2331
776
3694
4602
429
4007
3075
3581
2496
4371
3099
3114
1492
4050
3378
556
2624
2764
894
2027
3199
2693
1844
3873
2708
3779
3175
391
1089
4183
2465
961
2226
1074
3946
345
2025
3537
1575
2088
4616
3466
1168
380
560
254
2080
235
2581
649
2343
2921
2850
4263
4047
4086
3986
2009
3147
1795
1328
4075
4071
4942
2782
2622
746
4796
696
4672
4681
3691
523
423
814
3886
1432
2436
983
3391
3129
296
1068
4773
2903
3812
4314
1257
4249
4231
841
3614
2625
4299
1938
4194
3494
3862
4248
569
1055
2900
419
2949
4862
4327
4004
1706
2068
40
4298
4480
3704
4025
3983
4747
1336
4318
3844
3173
967
727
3382
2350
1364
3888
11
1615
2588
609
1319
646
2915
2383
3713
4996
3223
759
3532
4881
4863
1605
1593
3455
3459
3965
1389
4045
1689
51
3345
2553
3377
3050
2634
46
1504
2773
4786
2359
1970
1296
3024
2505
2828
2112
1264
3646
932
669
4292
1452
4624
4516
2777
284
1426
2583
2571
123
936
4344
2815
2296
3205
2052
4392
3557
3933
3836
3919
675
775
3771
3359
4398
2460
172
1917
4135
4234
4748
4123
4066
1952
566
4915
601
3657
4555
1929
960
2275
2294
4028
3538
3191
4919
919
2601
4139
1937
3065
1761
1149
2959
1614
387
4069
534
1190
1520
1231
1334
2842
3289
161
66
4101
448
610
2776
3778
3082
901
3448
3476
1934
3601
2045
308
3342
1790
1113
1061
3650
3870
3718
1107
887
1499
1835
2411
84
47
4504
3457
3071
827
2887
4097
319
598
4974
1477
4539
3034
957
3758
3651
2323
2181
239
1873
3920
3876
3274
3226
4092
538
3747
616
4619
3134
3841
4391
3879
3376
3002
4053
1954
4257
2316
955
3943
1623
3491
3005
2642
1871
1695
1225
3257
2008
4011
2373
3639
4437
3596
3729
2778
3957
3929
2628
1856
3309
2255
3562
655
3119
2453
1390
2028
4775
4270
2372
2211
275
1081
2213
1300
1841
3125
1604
3443
3504
4405
1712
4545
3394
3218
3364
3242
3972
964
2085
749
3014
1918
2407
297
3083
3108
1315
1650
4308
2687
3131
1215
4112
4998
469
2627
605
1036
3911
3669
3717
564
1367
3770
4457
1637
20
37
917
1597
938
213
4160
982
1986
504
3928
3709
4319
645
4824
4360
3184
4733
31
250
1513
4250
4217
1137
2698
506
2291
2042
2565
1891
2406
1171
198
2345
331
3157
2826
3025
2405
3482
2384
1617
770
3007
525
806
4904
2665
61
352
1020
2579
3299
21
2766
1159
4849
4620
1606
2999
202
1814
3843
783
4703
1339
2115
1087
4908
1194
1219
3481
3509
3327
2101
1283
165
1128
2434
847
4678
203
1279
1657
4385
658
1335
2299
1517
1877
985
2371
1487
1781
1023
2056
2038
3447
4104
2142
3255
2162
4039
2073
2555
1054
3525
4133
3453
2091
3922
4592
1570
3290
956
1498
3219
4729
3578
2664
829
2017
1094
335
760
1206
4520
2493
1621
4227
1858
4073
337
3085
1006
4409
3679
305
1612
2561
1222
1123
3426
261
3357
4808
243
1591
2614
4233
4016
390
3369
3807
2818
464
4515
3686
1427
111
3429
1414
3318
4854
4789
2039
1784
3288
266
4389
2559
4613
3120
3822
2924
2386
580
2744
4580
4082
3773
3298
4780
3427
3502
3979
559
784
4089
1402
4578
3233
667
2899
3818
2522
