0
1
5
10
18
21
24
25
28
30
31
32
41
45
46
59
61
62
76
78
79
81
84
85
88
95
96
99
100
107
108
112
113
114
120
123
127
128
129
131
133
135
138
142
148
153
154
155
156
163
165
174
176
178
179
182
183
188
189
191
192
195
198
203
204
208
209
210
212
218
220
224
228
229
230
231
235
237
239
241
242
247
248
252
255
261
262
263
268
270
274
275
279
281
287
288
293
294
298
302
305
309
310
312
314
317
318
320
323
324
328
332
333
337
339
340
344
345
352
357
363
367
368
372
374
376
377
384
387
388
391
392
400
401
403
404
406
410
411
413
416
418
421
426
428
429
433
434
441
444
449
451
452
453
455
459
464
465
472
480
487
493
497
500
512
513
518
519
520
521
522
527
528
537
543
544
549
551
553
556
559
561
563
565
570
575
578
584
588
591
592
596
600
604
605
606
609
614
618
625
627
630
635
636
637
640
642
644
647
651
654
660
662
663
665
667
670
673
676
678
679
697
698
699
700
702
703
705
706
707
710
715
717
719
721
724
731
735
740
741
749
752
754
757
762
764
765
768
770
773
779
785
786
798
799
801
802
803
809
816
822
825
826
829
831
841
842
844
847
848
849
852
863
865
866
871
882
887
889
890
891
892
896
902
903
904
906
907
908
909
918
919
922
924
926
932
934
939
942
946
948
949
950
952
956
964
967
969
972
975
977
978
980
981
982
984
986
996
998
1000
1001
1002
1003
1004
1015
1017
1020
1022
1025
1026
1029
1030
1031
1033
1034
1039
1040
1046
1047
1048
1049
1057
1060
1065
1069
1084
1085
1087
1088
1093
1096
1097
1099
1100
1104
1105
1109
1111
1114
1117
1120
1121
1125
1126
1128
1131
1139
1140
1141
1152
1154
1158
1160
1162
1163
1166
1167
1168
1169
1174
1176
1181
1182
1183
1184
1190
1191
1196
1208
1213
1215
1218
1221
1227
1228
1230
1233
1236
1237
1239
1241
1244
1246
1248
1249
1251
1260
1261
1263
1264
1267
1268
1276
1279
1280
1283
1285
1287
1290
1295
1296
1298
1299
1305
1309
1317
1318
1319
1325
1326
1329
1331
1334
1342
1348
1349
1350
1353
1356
1362
1364
1365
1366
1367
1369
1371
1372
1379
1381
1382
1393
1395
1396
1399
1403
1406
1408
1412
1414
1417
1432
1441
1445
1461
1465
1472
1476
1478
1479
1485
1488
1509
1512
1514
1530
1531
1534
1547
1548
1549
1550
1565
1568
1570
1572
1580
1581
1582
1583
1588
1589
1594
1599
1601
1604
1607
1611
1617
1620
1623
1624
1630
1631
1637
1644
1646
1647
1652
1655
1660
1661
1670
1672
1674
1686
1688
1694
1699
1700
1705
1709
1710
1711
1715
1716
1718
1721
1722
1724
1725
1732
1733
1737
1738
1740
1743
1744
1748
1755
1765
1766
1767
1770
1771
1774
1775
1777
1778
1779
1781
1783
1789
1791
1793
1797
1803
1809
1815
1834
1835
1837
1842
1844
1845
1848
1851
1854
1855
1858
1860
1870
1871
1872
1874
1876
1877
1878
1884
1885
1886
1887
1898
1900
1902
1907
1908
1913
1914
1920
1921
1923
1925
1926
1928
1929
1937
1938
1939
1942
1943
1945
1948
1952
1957
1967
1970
1973
1978
1980
1982
1988
1989
1997
2004
2006
2015
2033
2044
2051
2054
2064
2067
2069
2071
2074
2075
2078
2085
2095
2098
2100
2105
2106
2111
2114
2129
2131
2135
2136
2137
2143
2150
2151
2152
2154
2156
2158
2161
2162
2164
2166
2173
2174
2178
2182
2183
2185
2187
2191
2193
2194
2200
2203
2208
2210
2211
2215
2223
2224
2225
2230
2234
2235
2237
2238
2239
2242
2243
2250
2260
2263
2265
2266
2269
2271
2274
2278
2283
2291
2293
2296
2297
2300
2302
2303
2307
2317
2318
2320
2323
2325
2327
2341
2347
2350
2352
2358
2362
2367
2368
2369
2371
2376
2377
2380
2386
2389
2391
2396
2400
2402
2404
2406
2408
2412
2416
2421
2423
2425
2428
2430
2431
2433
2436
2439
2440
2442
2452
2453
2455
2456
2457
2458
2463
2464
2465
2468
2470
2473
2474
2480
2483
2485
2487
2489
2495
2499
2503
2508
2510
2512
2517
2530
2532
2533
2535
2538
2540
2544
2545
2547
2548
2552
2555
2556
2558
2559
2560
2561
2562
2563
2565
2574
2575
2576
2577
2578
2579
2582
2583
2584
2585
2590
2591
2595
2600
2601
2602
2603
2607
2615
2618
2619
2620
2621
2625
2626
2638
2642
2644
2648
2651
2660
2664
2665
2669
2670
2674
2677
2678
2682
2684
2685
2691
2692
2700
2714
2723
2726
2727
2728
2732
2741
2742
2744
2748
2749
2762
2765
2769
2770
2775
2778
2779
2786
2788
2791
2793
2795
2797
2801
2811
2814
2815
2821
2823
2825
2828
2831
2837
2838
2839
2844
2849
2855
2859
2866
2875
2878
2881
2883
2886
2889
2890
2892
2894
2895
2898
2900
2901
2903
2912
2916
2919
2920
2926
2930
2931
2932
2933
2936
2937
2939
2941
2942
2956
2958
2961
2964
2966
2976
2991
2992
2998
2999
3000
3003
3004
3007
3013
3016
3021
3023
3026
3032
3040
3042
3043
3045
3046
3059
3060
3061
3066
3075
3076
3084
3092
3102
3107
3108
3110
3112
3113
3116
3120
3123
3124
3126
3128
3134
3136
3137
3138
3143
3148
3150
3151
3152
3156
3159
3160
3167
3168
3171
3174
3183
3185
3186
3190
3195
3196
3198
3200
3209
3216
3219
3220
3225
3227
3228
3234
3236
3237
3238
3241
3242
3244
3245
3248
3254
3255
3256
3267
3270
3272
3277
3278
3280
3281
3282
3283
3287
3290
3292
3293
3294
3295
3296
3297
3299
3305
3310
3312
3313
3314
3315
3316
3321
3326
3328
3330
3331
3334
3335
3338
3339
3340
3348
3352
3358
3360
3362
3364
3367
3370
3371
3372
3380
3382
3385
3386
3387
3389
3391
3394
3395
3401
3410
3416
3420
3422
3425
3427
3434
3439
3445
3446
3450
3453
3455
3457
3461
3466
3468
3469
3475
3476
3483
3485
3486
3487
3488
3493
3494
3498
3500
3503
3504
3505
3510
3511
3514
3515
3517
3523
3529
3530
3531
3533
3534
3537
3540
3543
3553
3557
3564
3568
3569
3571
3573
3575
3578
3580
3582
3583
3585
3588
3589
3592
3593
3595
3597
3602
3605
3613
3616
3618
3623
3633
3635
3638
3642
3643
3647
3653
3658
3659
3663
3665
3668
3669
3670
3686
3693
3694
3695
3702
3711
3715
3716
3721
3725
3728
3741
3742
3745
3746
3764
3767
3768
3769
3770
3772
3776
3777
3779
3781
3788
3789
3790
3798
3805
3807
3810
3813
3814
3815
3817
3822
3823
3824
3825
3827
3828
3829
3832
3834
3836
3839
3845
3846
3847
3849
3850
3859
3861
3863
3867
3868
3870
3872
3901
3909
3910
3923
3933
3934
3936
3943
3944
3946
3951
3953
3957
3962
3965
3976
3977
3981
3982
3983
3987
3988
3990
3994
3995
3996
4003
4006
4010
4014
4020
4023
4025
4026
4039
4042
4047
4052
4054
4056
4058
4059
4060
4066
4068
4071
4073
4074
4081
4082
4084
4086
4092
4093
4094
4095
4096
4104
4109
4112
4117
4118
4126
4129
4134
4141
4147
4154
4157
4163
4165
4173
4176
4178
4184
4187
4189
4192
4195
4199
4201
4202
4204
4206
4208
4210
4212
4222
4223
4227
4228
4234
4245
4247
4250
4256
4257
4259
4262
4264
4281
4283
4285
4288
4289
4292
4295
4304
4310
4316
4323
4324
4326
4331
4336
4343
4344
4347
4348
4351
4355
4361
4366
4371
4373
4374
4375
4377
4379
4385
4388
4394
4395
4396
4398
4399
4404
4407
4409
4411
4413
4417
4419
4426
4435
4438
4441
4444
4448
4449
4459
4460
4462
4464
4467
4478
4479
4480
4484
4485
4489
4491
4499
4502
4504
4509
4510
4511
4516
4523
4526
4534
4535
4537
4538
4539
4541
4542
4544
4548
4550
4552
4553
4561
4563
4567
4568
4569
4573
4577
4584
4585
4589
4593
4594
4597
4598
4603
4604
4606
4612
4613
4619
4624
4629
4633
4639
4657
4660
4661
4665
4667
4669
4685
4687
4694
4696
4699
4704
4707
4711
4713
4714
4715
4717
4721
4723
4725
4727
4728
4729
4730
4732
4739
4745
4750
4751
4754
4757
4760
4763
4764
4766
4769
4774
4778
4786
4791
4792
4793
4794
4795
4802
4805
4807
4808
4816
4823
4824
4828
4833
4838
4839
4840
4844
4846
4850
4851
4855
4857
4862
4863
4864
4867
4871
4877
4878
4880
4882
4886
4889
4890
4896
4897
4898
4899
4907
4908
4910
4911
4912
4914
4918
4919
4922
4923
4925
4937
4942
4946
4947
4953
4954
4960
4961
4964
4966
4967
4971
4972
4973
4974
4987
4990
4991
4992
4994
4996
4997
4999
5000
5008
5011
5012
5014
5016
5017
5020
5024
5025
5027
5031
5033
5035
5037
5039
5040
5041
5047
5054
5055
5057
5059
5061
5062
5063
5064
5074
5077
5079
5081
5082
5086
5088
5092
5101
5102
5103
5110
5117
5119
5120
5124
5131
5139
5144
5145
5146
5153
5154
5157
5158
5159
5160
5164
5165
5174
5177
5178
5181
5185
5191
5192
5193
5194
5197
5199
5202
5206
5211
5213
5218
5229
5232
5233
5234
5238
5240
5243
5258
5259
5262
5265
5268
5269
5272
5274
5276
5277
5278
5280
5281
5282
5283
5289
5292
5301
5304
5305
5314
5315
5320
5323
5324
5326
5327
5330
5331
5332
5333
5335
5341
5342
5343
5344
5346
5347
5349
5350
5352
5356
5357
5358
5359
5363
5364
5368
5370
5373
5385
5391
5395
5396
5399
5405
5406
5407
5410
5413
5416
5421
5422
5424
5425
5428
5429
5430
5432
5433
5435
5438
5442
5448
5449
5456
5460
5461
5463
5466
5468
5470
5471
5472
5475
5481
5485
5486
5494
5495
5499
5501
5505
5506
5513
5516
5517
5523
5524
5525
5526
5531
5536
5537
5541
5543
5544
5558
5562
5569
5577
5587
5588
5591
5594
5601
5603
5605
5607
5611
5612
5613
5617
5621
5622
5623
5625
5628
5630
5632
5634
5635
5636
5647
5652
5654
5656
5658
5659
5663
5666
5669
5676
5677
5678
5685
5686
5687
5688
5689
5690
5694
5695
5698
5707
5709
5710
5712
5718
5727
5731
5736
5739
5741
5742
5744
5750
5755
5756
5758
5760
5763
5765
5766
5771
5777
5779
5782
5786
5788
5790
5793
5794
5797
5801
5804
5812
5813
5816
5821
5824
5834
5840
5843
5846
5848
5851
5852
5854
5857
5858
5860
5863
5865
5876
5880
5882
5884
5886
5888
5890
5894
5896
5897
5898
5906
5908
5909
5910
5913
5915
5919
5920
5924
5929
5938
5939
5946
5953
5955
5960
5961
5963
5965
5966
5975
5980
5983
5984
5987
5989
5995
6003
6007
6013
6016
6019
6025
6028
6033
6038
6045
6052
6053
6054
6057
6062
6067
6070
6071
6073
6077
6078
6086
6087
6089
6095
6098
6102
6108
6116
6118
6128
6129
6132
6136
6138
6139
6141
6144
6145
6147
6148
6150
6151
6162
6165
6166
6168
6171
6175
6177
6178
6179
6180
6181
6182
6183
6195
6197
6199
6201
6202
6216
6217
6218
6220
6225
6229
6232
6235
6239
6243
6245
6249
6252
6253
6256
6258
6260
6268
6271
6274
6277
6278
6279
6282
6286
6294
6299
6301
6304
6317
6318
6326
6332
6341
6343
6349
6351
6354
6357
6360
6365
6370
6373
6376
6381
6383
6389
6391
6392
6393
6398
6399
6401
6410
6412
6413
6414
6415
6418
6428
6430
6433
6436
6443
6446
6447
6449
6451
6453
6454
6456
6457
6463
6471
6473
6474
6476
6479
6491
6497
6498
6500
6505
6512
6514
6518
6522
6529
6532
6541
6547
6550
6562
6564
6568
6573
6577
6578
6583
6585
6586
6591
6594
6602
6604
6605
6613
6614
6616
6618
6619
6620
6625
6626
6627
6639
6645
6646
6647
6648
6649
6650
6651
6654
6656
6657
6661
6671
6673
6674
6675
6679
6683
6686
6689
6694
6701
6702
6703
6704
6706
6710
6715
6719
6720
6726
6734
6735
6739
6749
6750
6752
6753
6756
6759
6761
6776
6778
6780
6782
6785
6789
6791
6792
6797
6800
6801
6808
6809
6811
6813
6818
6823
6828
6831
6833
6838
6839
6845
6848
6850
6851
6857
6859
6863
6864
6865
6866
6870
6871
6881
6883
6885
6890
6891
6893
6894
6900
6902
6909
6911
6914
6922
6924
6925
6931
6933
6934
6938
6939
6942
6944
6946
6948
6954
6956
6958
6964
6968
6969
6970
6974
6975
6981
6988
6992
6994
6995
6996
6997
7001
7010
7013
7014
7020
7022
7033
7048
7053
7054
7059
7060
7061
7064
7066
7067
7069
7070
7073
7076
7080
7083
7086
7088
7089
7097
7098
7100
7107
7112
7113
7121
7127
7129
7131
7133
7135
7136
7139
7143
7147
7151
7158
7165
7172
7179
7183
7189
7192
7194
7196
7198
7199
7200
7201
7214
7215
7217
7221
7222
7224
7225
7232
7237
7238
7240
7244
7247
7248
7251
7256
7260
7262
7265
7267
7268
7269
7270
7279
7283
7289
7291
7296
7299
7300
7305
7307
7312
7320
7326
7329
7333
7334
7337
7352
7355
7357
7370
7376
7379
7383
7385
7387
7388
7394
7397
7398
7400
7403
7404
7405
7410
7412
7414
7415
7416
7421
7425
7426
7432
7438
7439
7443
7444
7450
7451
7453
7455
7458
7459
7464
7479
7491
7493
7496
7500
7506
7510
7512
7519
7527
7530
7532
7536
7540
7542
7547
7548
7551
7556
7560
7562
7570
7571
7575
7581
7582
7585
7586
7590
7591
7592
7593
7594
7595
7596
7598
7602
7607
7614
7619
7622
7624
7625
7626
7628
7629
7630
7652
7655
7659
7660
7685
7686
7690
7693
7695
7701
7702
7703
7704
7707
7710
7711
7714
7719
7728
7737
7739
7741
7748
7751
7752
7755
7760
7761
7771
7772
7773
7776
7786
7788
7789
7792
7794
7802
7803
7804
7805
7812
7813
7818
7820
7821
7823
7824
7830
7832
7835
7838
7839
7848
7849
7851
7852
7855
7858
7860
7863
7864
7867
7868
7871
7875
7883
7886
7889
7905
7907
7910
7912
7915
7921
7922
7925
7926
7928
7930
7932
7936
7938
7942
7950
7952
7956
7960
7962
7963
7965
7966
7975
7978
7981
7994
7998
8013
8015
8016
8020
8021
8024
8025
8027
8031
8033
8036
8038
8047
8048
8050
8051
8055
8056
8058
8061
8065
8067
8069
8073
8074
8078
8079
8082
8087
8089
8092
8095
8096
8099
8100
8103
8106
8108
8110
8113
8116
8117
8119
8120
8121
8123
8124
8128
8129
8131
8138
8143
8146
8153
8158
8164
8171
8172
8179
8183
8185
8189
8194
8196
8198
8200
8206
8208
8210
8212
8215
8216
8218
8221
8222
8224
8241
8247
8257
8260
8264
8267
8269
8272
8276
8285
8286
8293
8295
8296
8300
8306
8308
8313
8314
8316
8317
8320
8325
8326
8331
8338
8339
8340
8343
8344
8347
8348
8356
8365
8366
8368
8371
8373
8381
8382
8389
8394
8395
8397
8399
8405
8409
8410
8411
8412
8417
8418
8422
8425
8426
8427
8429
8439
8441
8442
8444
8445
8446
8447
8450
8455
8456
8458
8461
8467
8469
8471
8480
8481
8482
8485
8495
8499
8500
8501
8508
8511
8516
8517
8522
8526
8535
8542
8546
8547
8548
8549
8550
8559
8563
8565
8570
8571
8572
8573
8576
8584
8585
8590
8594
8596
8599
8600
8602
8604
8605
8607
8608
8611
8612
8616
8618
8621
8622
8627
8632
8638
8639
8641
8642
8645
8647
8648
8650
8653
8654
8657
8666
8667
8671
8673
8678
8680
8684
8696
8698
8700
8701
8704
8705
8708
8709
8712
8713
8714
8721
8724
8727
8729
8732
8733
8735
8737
8750
8751
8762
8766
8767
8768
8771
8778
8784
8785
8794
8795
8796
8799
8805
8807
8809
8810
8812
8814
8822
8824
8826
8830
8838
8842
8844
8845
8846
8848
8853
8856
8857
8858
8865
8872
8874
8875
8879
8880
8881
8882
8885
8892
8896
8897
8903
8909
8917
8918
8923
8939
8940
8947
8952
8955
8959
8960
8965
8968
8969
8981
8982
8994
8999
9000
9003
9005
9006
9007
9008
9009
9011
9016
9022
9025
9029
9031
9032
9035
9036
9039
9040
9041
9042
9046
9050
9051
9053
9054
9055
9059
9060
9061
9066
9069
9072
9077
9080
9082
9091
9100
9108
9109
9111
9117
9119
9124
9125
9126
9129
9136
9137
9145
9149
9150
9152
9156
9157
9158
9159
9161
9165
9167
9170
9181
9182
9183
9187
9192
9193
9195
9206
9209
9210
9216
9219
9228
9231
9240
9247
9250
9251
9252
9254
9255
9263
9264
9265
9266
9267
9273
9276
9277
9278
9282
9283
9285
9289
9291
9297
9299
9309
9316
9319
9320
9323
9328
9331
9334
9337
9338
9347
9348
9350
9351
9352
9353
9355
9358
9359
9360
9363
9364
9365
9367
9368
9371
9373
9374
9375
9379
9395
9396
9398
9399
9400
9401
9402
9408
9412
9414
9416
9417
9418
9420
9422
9423
9424
9425
9428
9431
9432
9434
9435
9438
9439
9441
9448
9460
9461
9462
9467
9477
9482
9483
9490
9493
9498
9500
9504
9512
9513
9514
9517
9521
9525
9527
9535
9540
9549
9553
9555
9558
9560
9567
9573
9576
9584
9585
9589
9591
9593
9595
9604
9605
9611
9612
9616
9619
9620
9622
9627
9628
9632
9641
9643
9650
9654
9658
9659
9661
9665
9666
9669
9671
9677
9678
9679
9683
9684
9687
9689
9690
9691
9695
9700
9701
9707
9718
9719
9721
9724
9725
9728
9730
9733
9737
9743
9747
9755
9760
9769
9774
9777
9779
9780
9785
9786
9787
9790
9794
9797
9799
9805
9806
9809
9817
9819
9820
9822
9824
9828
9830
9833
9835
9842
9846
9859
9865
9866
9871
9879
9880
9883
9887
9890
9895
9897
9899
9900
9902
9904
9911
9912
9914
9916
9917
9919
9925
9926
9927
9929
9933
9934
9935
9940
9941
9947
9951
9959
9962
9963
9965
9968
9969
9971
9973
9974
9977
9978
9983
9989
9991
9993
9996
9997
486
1878
5
6339
2591
7771
3493
6101
3547
2674
3421
3942
3955
2669
9907
9653
3255
3871
7287
3280
5475
9629
9075
2994
6312
2838
8785
1592
8955
3851
9856
6868
3947
7249
2502
3335
5619
3334
4239
9982
2830
1454
221
5947
9050
1618
449
8224
5355
4386
1902
9828
1732
5860
8658
4225
7137
4615
6975
2978
9250
7859
172
8579
8007
119
4123
193
3315
4927
3195
4808
2523
2071
8499
9592
6278
2080
8165
2128
3932
6261
1132
3207
2662
3220
6546
6451
1213
9655
8135
8399
8059
796
5689
7627
1533
4485
2371
9643
1066
4213
2707
1240
4632
4265
6242
4465
927
2462
5825
7471
1939
6296
9488
285
8898
317
6068
2708
7948
5709
9622
8669
4377
1276
1271
6320
4954
7652
3905
9046
4145
2135
1651
7877
4901
5545
3667
8855
4689
8166
8866
9696
8470
4609
9789
6468
5349
9174
2919
1332
6644
4711
2178
9121
4475
9765
1560
6092
5194
3148
4178
40
4099
4946
5757
8578
5950
4965
2463
6740
3464
9751
857
4078
8234
762
4833
9537
2111
5448
4851
2775
2995
6758
8212
1831
9375
670
2668
2787
2196
4130
7869
1853
8686
8197
6248
8461
9338
6501
5809
5183
7086
1481
5425
7850
7361
7125
7701
6518
586
9492
8787
129
6944
2600
6912
2850
1266
1404
9781
5311
2281
7165
3523
4442
9821
4974
8582
331
646
4050
6915
1049
9966
426
9948
5106
9130
4431
4373
9952
7673
8350
2706
210
6237
1410
2415
5139
5674
9519
1187
7839
4891
7034
1693
3181
6828
330
7736
4116
6858
9995
5491
9486
88
4523
4461
9704
2549
9563
1069
5288
7772
9178
3785
5512
1002
7519
12
9384
4187
4329
3371
377
128
886
1648
4021
6151
490
9859
4487
96
2160
729
540
2057
4549
2586
6265
7613
7617
5982
6346
9850
5958
3081
9886
4183
4257
5638
4124
6030
5039
1349
1547
9912
3760
696
4065
514
101
6986
9037
5359
7118
7369
9666
1928
461
4774
6624
6532
5078
4660
3808
6770
2848
8822
4359
2816
1136
3299
3314
3083
5716
1734
5531
4437
5812
1584
336
2277
950
1846
6108
1934
8332
1470
8589
1883
4301
970
5393
5305
3810
572
4198
1370
2498
6285
5153
4424
8431
5112
124
7153
5997
5781
8627
8463
5785
6606
6580
3045
5163
7284
6775
8328
7486
6522
8740
7854
6325
5697
6866
2799
4492
343
2307
9413
4866
6661
2921
6527
9626
4969
5857
4841
2997
3561
395
1206
7257
1996
4963
1569
2106
6198
2103
1608
294
4630
6541
3532
453
2961
9193
9726
4135
5193
8070
9953
8502
3125
1078
2657
2313
1692
2709
9951
3964
1042
484
67
5052
15
8016
7340
5457
2095
6263
3274
6693
6429
8709
9983
2701
85
2642
9680
7195
2536
6776
2827
5928
3021
1532
3257
7549
8413
4998
7782
1518
944
3975
637
787
2525
5980
8848
1019
2399
6488
1400
6908
2909
2887
6890
6925
6100
8438
93
227
8904
451
565
3249
2831
3096
7566
6723
8512
3525
6914
186
4109
9493
1848
3788
8044
2932
2520
3223
6696
9764
7759
606
2194
1872
3129
223
254
5323
1582
2865
9967
7473
8633
3967
34
949
2244
7685
4758
1234
2357
1991
8270
5615
501
6186
6064
3988
8634
7293
3471
9269
5459
8023
2832
3596
8088
2611
2746
9878
6801
9600
2798
374
29
7252
3010
6314
8245
1815
1296
1182
522
9376
3706
383
7011
2598
4060
1162
8744
6412
8600
2620
4045
8751
8841
3962
8305
7167
7983
4314
4496
4232
6674
5409
8026
7227
278
454
7103
4706
895
5915
16
6761
613
2950
2566
1046
9214
14
1818
6020
1764
275
2315
6601
1113
8535
4854
6536
8120
7342
8428
1770
6315
8653
1596
8871
1796
694
1914
3651
7852
4040
2102
291
4804
228
1936
1155
9495
2883
6271
8897
4834
5651
6267
9605
6498
1523
4508
8471
5991
7545
2768
2486
1226
8374
8124
6069
6460
7598
7505
7886
5274
2143
8024
977
3044
4155
9583
7404
7896
3746
5464
2889
321
978
6426
3004
1425
5072
2655
9593
5116
4503
1644
834
4289
8888
5874
3443
3538
4880
7039
8482
6697
3305
2495
2862
1793
1868
7480
7316
941
9703
165
7311
159
5837
9636
2945
679
4888
4849
5650
9106
3306
8087
6135
3074
9505
4286
9200
3820
5788
3792
5702
6096
770
1978
6305
3663
3169
1324
3722
1712
5848
4365
7308
2722
1615
673
5832
9550
1566
5179
8926
9169
174
3042
5548
6007
3161
1594
9888
5859
1722
4006
9064
2441
3567
7518
4678
1844
4014
2788
4730
8531
612
836
9061
5182
7319
8494
6011
1860
2075
8009
1570
4579
7932
2843
3303
1938
7355
8440
7957
1847
6997
3737
2508
9047
3786
4745
4885
9597
311
533
2089
220
2602
1140
7045
2199
3395
6467
6967
964
2792
2913
5618
3235
7783
2562
7573
9872
7716
7944
731
9557
7025
9510
4210
3852
898
8771
4220
3115
4916
3248
2630
8840
3693
8040
9844
9450
3839
3985
1510
8137
1021
4069
1680
5025
7650
7360
4928
9254
3126
8031
4267
5405
8051
5533
2259
2032
6028
3247
1888
9906
7610
2855
1239
5380
5040
3485
140
326
3285
5591
5495
2914
6355
4474
2056
4638
5341
3974
9802
2699
871
9065
9638
7862
2740
2127
8603
462
8164
9590
9108
6897
5143
768
233
5300
3265
5855
1903
9225
6224
6573
9491
9084
601
2742
4092
8517
7288
8175
2425
3284
9119
3415
2687
6154
3774
1926
9242
9179
9469
9487
9379
7968
2445
2962
9754
5277
1427
6970
2426
9530
1694
8891
6171
6067
6636
433
5272
7270
1419
8518
8418
3951
1352
3753
788
9441
1789
5693
4820
2966
5631
2438
4249
2115
2253
5084
6364
4859
8293
643
5071
2295
5729
1918
113
2005
632
6831
164
4394
467
1893
783
1197
4563
2764
7836
3554
4985
2968
2148
7641
4003
4991
851
5447
8145
4457
5337
7133
1768
7222
2663
1295
9646
705
2450
9063
3766
8760
4312
4376
445
536
7485
3646
4479
4222
4089
6816
5992
4515
3617
5840
350
8781
3780
3413
5782
7552
3632
8559
9769
5784
6027
2449
7917
7093
7335
2712
4326
652
8995
3293
8151
4553
7150
2886
9366
1986
9345
816
1340
5758
5215
3654
1655
4180
2442
8952
5572
1345
672
1611
3645
6235
1835
7581
6556
1999
5021
8867
509
8498
9678
5474
758
8210
4943
1949
8930
388
6715
2368
6378
9879
4690
6534
3353
8289
130
334
2152
8056
9073
3923
5333
8563
2301
9444
2453
7382
7585
4029
5578
7495
4676
534
266
6382
9311
3217
1961
5455
4513
5990
1808
306
9476
6721
756
6070
245
4746
3390
3332
7183
2660
1429
7402
2255
9296
3444
5549
4462
7919
4278
8656
2436
4132
1270
6927
2550
9921
719
9373
4994
2743
6032
9779
9960
9085
2998
3637
3130
9742
3647
1151
4641
9391
4411
6965
9573
2020
5976
6476
6403
3171
5978
809
7113
981
4794
6497
4218
8439
8441
3958
6304
5357
853
238
2649
1771
424
7905
5389
3411
6243
1607
2416
1104
3648
7013
4022
6736
2576
3141
6857
7998
2983
8513
8625
2101
7198
4104
9153
6167
47
4704
2064
8635
9322
316
3611
4608
4162
2381
8181
341
4702
7274
4803
2969
3136
2696
9337
2078
6505
3157
2333
3234
4593
8583
9267
7447
6031
3734
7301
3869
7562
3163
2650
3017
3455
6384
3506
5289
3192
5473
9301
3994
8219
8640
2559
1437
5720
8063
2466
4882
6388
3850
1907
2977
5613
3686
443
4806
5701
5954
8909
3807
7904
9803
6596
7498
5291
7776
7185
6013
1579
3584
4028
4068
1765
4380
39
4893
1646
7081
810
6061
3039
9950
4777
8858
431
7121
1045
8519
1688
8383
7309
5917
5834
4895
1551
1024
1613
5079
1012
495
9825
6423
9649
7913
1534
9740
9477
6420
2158
507
5223
6756
7760
6249
919
8433
9280
4453
162
6133
4401
7572
7579
7578
8256
478
9286
4603
3309
9314
2732
262
5977
6604
1675
352
9399
177
5561
135
9352
8065
2579
9019
3124
5362
4858
6348
7333
4863
4339
3452
5682
2985
8187
9994
703
9685
680
5777
4319
312
9957
6826
8038
3863
9290
8864
4302
1099
539
878
5035
8084
3088
5632
1728
9650
7134
5442
2594
8821
8299
3833
8244
5381
6627
5382
1109
7800
8015
5037
81
8086
6404
1203
1440
3427
6981
8793
8408
2947
7421
3436
7002
6226
360
2439
7050
3291
4917
8935
4176
7895
2116
3660
7888
8397
8446
4071
7689
5449
9235
739
5513
1762
7173
1117
9759
9968
3993
6969
3290
5026
7773
880
4651
2640
4767
925
6042
6654
4416
3341
3658
6207
2185
3214
5344
4822
1075
4726
9134
6549
6295
5893
899
7858
607
5437
6647
8643
41
2083
8527
5358
9834
9285
7740
6132
4953
7389
4906
7484
494
2675
8421
5817
87
1093
8741
8136
9330
2018
3715
6566
5392
947
5787
3980
5914
2118
7694
118
6264
2839
2418
4655
6804
7683
7413
4209
6819
2283
1946
4904
8713
2233
7995
6752
5611
3268
3870
4117
1063
7828
7496
5049
963
2348
752
3387
1593
653
1259
4707
4463
3581
9972
7953
3469
7961
6017
5747
6552
1212
4269
2745
4277
3105
5502
6660
1278
6055
3242
8496
9405
1047
4755
3739
5339
1413
363
2567
171
1683
3978
4095
728
5416
1855
7728
3727
2482
7520
6919
6120
4446
367
3946
7601
1037
9962
4012
4208
1016
9246
3936
7808
4300
6322
9877
1372
7028
3446
2670
3135
7629
8353
8574
5687
4381
2878
8554
6851
7201
2783
4525
9010
8622
9889
6407
628
8730
9217
8075
2067
2241
9814
2923
765
6750
821
4718
5250
3717
5830
8209
6247
7423
644
1502
4505
1017
7210
9971
416
7157
2151
5677
6119
9904
6117
26
3679
3797
8113
593
6928
4175
6960
954
70
9226
8618
5109
8366
4542
4942
9128
7070
4250
7803
4184
4324
7741
1115
1696
9212
8390
9500
6161
1460
8003
3512
1512
1714
4333
994
1663
3603
7106
7211
2638
6669
1412
9555
9029
4864
5645
1497
1982
7972
8290
7916
438
4569
9827
8153
6976
9300
6215
1589
5811
5110
2612
8872
8
2646
6883
8565
700
1645
5460
1904
9644
9232
7058
3438
8378
2530
5577
2493
3216
188
3790
6365
1997
8915
5207
775
1548
430
1473
3828
3000
7282
9578
9524
3312
3631
1163
7883
7468
9875
7499
2011
2575
3114
2131
1874
9188
3927
5098
7330
5868
9955
9536
4102
8489
2844
1224
3107
8116
5511
9080
3246
7906
3367
7770
1925
5881
3872
890
9699
322
8566
3400
3145
5943
8920
4490
1496
7277
8879
6385
4275
3623
4366
7312
9008
4090
1180
3027
8279
8710
4790
7425
302
4750
1251
2124
3254
4967
5470
2491
9858
2276
8631
864
5346
6598
9613
8862
7267
730
7599
4666
5111
7269
9691
251
2661
1303
6211
407
4308
8373
8944
1336
4672
1231
9997
2079
8890
4419
1351
7079
7048
1657
5297
3318
3278
2967
1422
1209
3183
6075
8062
3487
3271
1505
3954
3419
7392
4949
4450
1165
161
1924
4749
253
9132
339
7339
4200
7557
5197
7973
9230
1479
7298
7559
4764
4723
1786
1583
9728
8929
9282
7439
8628
1527
4622
7565
1595
1284
6583
4120
9424
3023
2489
7843
7847
4735
286
8857
8522
8493
187
8784
6150
8882
2603
8432
1507
5313
4047
6560
3831
4261
4041
2953
6231
4679
3752
2860
7898
2444
8276
8979
6885
2091
725
1735
5557
2287
9318
6022
9017
2868
5089
2789
6810
1514
995
2728
2982
8226
6152
9271
4760
6677
9806
6719
7052
243
9894
4070
9964
5948
6991
5680
7019
2631
859
1085
1233
6681
4992
6688
4898
9688
9568
746
1023
2299
5008
665
6672
9329
7722
7278
5331
5461
8910
720
8010
7524
8630
7033
8846
2279
6611
6377
9201
2327
9830
7164
1153
8739
6904
7901
9795
611
9985
8792
4640
5733
7949
7320
818
4648
5852
9761
5503
1091
1215
7605
3397
1720
9013
7341
8577
6077
7830
6632
1218
5916
3006
3849
4987
8008
3879
2846
3583
6432
9224
86
892
2012
3066
8797
1484
3933
7672
9228
5132
9149
3644
2459
2645
393
2099
3377
2217
4368
182
9749
3943
8157
4995
7196
4761
1710
661
6980
9553
6362
1128
2815
7474
3638
7005
8514
229
2288
5779
420
3866
7444
3227
4343
9893
1411
7621
5397
2282
5526
2632
8239
6479
6732
7370
5404
3156
2835
6316
1703
8750
4633
6765
9275
8092
9332
6685
7082
1578
9437
9852
6478
7189
7026
2724
150
1048
7353
3990
1492
3263
7542
9439
8232
6493
5336
3410
7223
5236
376
8961
2142
2882
3673
6188
5391
4434
5388
8363
5064
3054
9327
2837
6053
7098
9758
3553
8123
479
8334
1711
1094
7640
2535
9642
4902
2691
7930
7077
1277
4550
5446
3492
6599
5271
2263
250
3275
9418
7530
365
4227
5894
6425
1804
3560
5494
1816
2119
9809
4850
8466
9364
1161
1685
1455
5069
8491
7758
9423
9528
9937
8776
3043
9307
6189
1894
6331
7236
309
996
2888
3029
9344
61
642
7199
749
5778
8184
3597
7814
4458
2940
3053
5573
8242
7956
95
2665
8035
1286
2534
7225
1580
7863
2627
6515
7842
7129
8916
4273
9218
3191
7509
7261
2324
1192
3959
3589
6149
1462
7299
8967
2278
7718
9588
7089
6121
2507
7219
1256
8194
2750
9672
7528
1559
4786
4846
8852
1842
3408
6203
2925
988
906
3835
2212
6288
9015
7458
4482
1778
3489
773
1689
9717
9916
3595
7744
4426
3511
4581
4451
2420
4705
9851
7630
3266
4430
7647
4247
8401
5085
8291
9900
4594
4390
5543
9479
5696
7406
3680
2906
6823
933
4284
7764
1561
2561
9670
7866
1198
5342
3085
8914
4360
8688
1124
515
9777
427
4455
1875
7638
3327
2804
2213
9832
7769
9496
1968
3094
4075
8237
9241
7324
2007
5968
2294
1415
1602
9374
6875
8581
4268
5898
2254
9727
8693
8080
4049
1900
3459
5941
1556
465
1003
8476
9470
1337
1781
8602
7465
4328
337
3533
1236
6366
4662
2174
5316
8819
1219
8359
2874
8492
5155
197
7160
7020
8949
657
8829
1125
261
5986
3077
58
2022
9511
6994
54
5726
9044
8865
2352
794
8770
5254
9142
985
9913
5940
7609
9815
5886
7094
4582
8273
2167
2991
1263
1254
4245
9961
6210
9702
8259
7878
9986
2869
4097
6480
1220
7926
5422
7574
6978
2452
6642
6185
9393
4929
9990
1790
4710
9788
7281
2778
6298
2779
5001
7436
3633
1713
1279
5607
7946
9714
4317
1573
8546
6504
1316
1242
802
6422
520
3858
2512
3322
5282
7825
4636
5484
8324
409
4464
1081
3100
804
2584
683
7238
1798
4477
9820
3179
2316
8586
8396
8972
691
7362
6170
3270
2164
713
9346
3906
7539
149
8672
8557
6699
4642
9681
5032
4347
8901
8490
8283
7172
6949
7750
5007
4259
5270
9746
3534
1974
5450
5024
1944
4785
8371
1443
4645
7114
6124
2264
3957
3490
1585
3841
1025
7069
4199
5058
2802
1013
9947
1557
5279
6557
9368
807
1328
6344
7144
5931
942
7900
3033
4831
3351
6619
5418
6085
2228
9767
3385
3834
3393
3036
36
1390
7670
1983
3711
584
6166
9637
6733
8889
3886
567
9436
5151
5033
2036
6572
992
2777
1469
7577
5623
5587
7135
1038
5241
3783
4896
8580
73
7897
7179
3544
5590
8141
361
5562
8386
603
3200
6741
3794
7090
5252
4042
8946
9468
7197
6945
6952
2570
6465
7671
3514
4391
5429
8195
7745
428
2061
8106
8277
7797
9917
866
5741
5722
9278
2548
2364
8375
6019
7806
9465
1920
3750
1441
8005
4557
6219
7156
1984
4169
4675
776
7721
3640
7657
2211
562
8019
2877
1981
6882
6827
5462
9059
8284
5119
5668
9377
6048
6785
7962
6246
3904
1679
7181
6682
4839
7346
9556
7254
4020
8895
9977
2970
7442
3515
842
5100
5979
4756
157
4862
9532
9624
9560
1468
987
9040
9279
1249
4285
4940
6790
3836
4664
6310
2885
2235
884
1666
9041
2773
1426
2811
8453
5944
3379
2618
2698
6131
8111
6822
7218
6506
241
315
8564
8326
4350
9052
3546
4409
4067
5294
1399
9208
6783
3642
695
2592
2373
1103
1649
5245
3845
6107
5154
8762
6567
8943
7054
5589
5711
547
7547
7927
1255
9182
4709
2380
7147
1957
692
2377
2165
5340
5164
2975
1681
8645
8215
9866
8560
5074
4530
9607
9640
6608
8478
9094
6450
4703
1935
548
51
7461
8043
7224
6494
2542
4063
5816
9800
7754
9608
5798
5582
5500
3889
5246
7600
97
3840
4229
6934
9819
3076
8884
6109
4186
913
4010
7460
3536
6424
9394
5394
3656
7074
6112
986
7982
8348
1450
6038
3432
8674
5396
1822
6935
9462
1565
6330
7104
469
358
7959
8639
7403
5414
8684
280
464
9849
1748
8173
3607
6788
7786
3072
7796
5694
8067
9316
1382
7478
4680
8599
1546
7834
2617
8528
5267
211
9306
3082
4798
8990
5276
8014
1571
3655
6081
7827
269
2540
6251
9018
3075
1367
6707
6855
283
1116
4279
7148
2760
3907
7845
812
6359
626
6408
8262
9432
782
4048
6947
166
5488
5133
9239
7400
4476
2408
939
2956
4815
2407
2410
5022
6974
5675
9662
2700
4741
2403
4189
7614
5776
8700
5544
5521
8337
1973
511
179
1513
1672
5535
9547
5192
3193
248
5268
9647
6283
2319
5137
9113
7174
6718
6127
5485
6615
5140
2394
436
6537
7582
6255
9813
5415
2147
8202
6526
9949
1439
4961
9467
7529
4403
589
6571
8679
5748
8962
9199
554
2821
543
2448
6260
3616
5939
8810
7597
7820
5973
3336
4600
1759
1472
7710
153
6050
1930
9526
785
1039
8395
588
4054
597
2073
8845
761
5467
604
7388
1755
2306
4682
7533
4240
5231
1779
7761
3120
6200
1290
7027
9001
8213
2082
1386
5412
4128
9244
2552
3708
7805
8780
5995
8919
