4698
4343
404
2135
2845
3564
2390
2622
3434
669
3485
2276
695
3861
1674
2971
4710
2556
1266
1587
4559
4031
4424
625
422
3954
2165
4881
2024
2635
4588
1950
848
4721
2137
3227
2864
2917
3629
967
1624
1170
4621
4724
3057
765
2176
573
2618
2623
399
2308
1214
3041
3642
2069
4372
3413
2078
1374
85
1915
2760
2759
1016
859
1310
4627
2853
364
2419
1884
648
3070
4183
3504
1842
4957
2023
1597
1246
3080
696
3204
948
1758
2729
4096
1235
1338
4004
892
4034
2568
4461
4856
477
2827
1089
4653
4379
3630
4370
1328
1360
3130
370
599
3829
3965
1243
4314
3063
808
3673
279
1238
175
677
61
2343
642
3898
3237
3178
2273
1735
2791
2734
38
471
1583
2309
2138
2352
2920
514
4644
3890
733
2954
1427
1469
1476
1247
1910
1530
689
1733
2263
4604
76
4167
1856
3711
3889
829
2627
3948
2034
3615
3456
4512
2881
60
4568
776
4650
4450
4576
3455
1042
2767
4475
253
1408
1990
2788
3950
1185
1110
4318
1209
3472
4008
3194
1241
3814
626
143
2608
4217
2874
2312
3728
4959
4327
4022
4890
4458
2484
775
365
1659
4200
162
1525
310
4319
2366
4944
3250
1346
238
2754
3982
297
969
4493
4416
4473
223
2805
4047
2070
361
1606
2436
1493
1495
4598
101
2725
581
1741
3941
2685
3074
3471
3032
3622
2288
4071
4798
1244
3580
3167
2940
2422
475
4617
1706
3370
1111
3246
4667
4065
3930
1477
2968
3389
120
3119
1604
611
4317
3834
2695
1180
2444
35
2456
3572
4498
1407
192
135
2846
4937
1694
411
1978
1746
3827
4336
3287
1684
743
3073
1259
4685
3007
1193
3349
4250
4292
2787
3831
2122
806
1866
3778
1969
958
841
3461
837
663
2772
2807
184
3879
1507
3124
1810
2187
1134
428
3627
4924
544
1824
2016
1836
2169
4125
3055
781
2506
560
1928
3646
526
2762
894
3225
2666
1972
2464
1119
3409
2130
2114
2320
1204
3754
1870
4901
1557
106
4133
613
190
799
1258
4853
1871
3560
2911
2330
11
4955
2550
762
2384
1003
147
4522
655
371
2585
1947
4342
701
3217
1099
4135
4403
3819
794
122
1700
836
4551
3654
2919
4162
2616
4427
1077
4344
1993
737
2982
4826
3381
983
717
476
3263
4879
2004
950
4648
2990
4436
3768
2953
795
4141
3293
4845
2481
3426
2349
914
273
408
4019
4156
130
3247
4431
862
1079
1769
2231
2317
3864
869
1147
2020
929
1285
3670
891
92
2593
2890
2098
1899
2230
2113
1723
971
4703
1074
160
3438
1874
4356
1489
3951
2516
22
4087
970
4725
4871
3913
342
2824
3054
3075
2840
1012
434
2761
4239
2538
4605
3590
3952
3322
2185
815
2852
531
1065
805
1711
4894
2690
2960
3240
2244
3030
57
1763
4801
366
2338
1340
3179
308
271
2523
4531
2935
4974
4463
2660
84
3897
4708
494
2544
1428
4104
4056
2410
1104
378
4526
2226
3690
1202
3047
3373
3039
1239
259
2234
4684
4742
4382
4716
488
3710
928
2383
3254
452
3407
3390
1348
2689
744
1075
429
349
1909
4906
3681
1273
1751
2962
3579
3375
3595
2191
4787
3634
4301
4631
1136
3509
638
1350
3877
3683
2247
4676
183
4487
291
2216
1797
19
2479
2993
2745
2188
2494
3079
3244
2257
4491
1462
3174
4479
770
4339
533
3526
3288
489
4968
2510
3772
2086
3899
4052
4068
1777
4954
4916
4630
2581
385
293
232
861
311
874
2526
649
212
2038
4872
278
1086
1788
2842
1010
3811
2356
2922
635
4931
3869
3156
3345
949
1156
1619
4485
4756
1480
912
2521
3729
4010
3997
4227
3421
1105
792
1117
3279
4442
3835
3672
4300
2380
2269
4752
1375
2989
2966
2468
4494
1923
1354
2604
2950
3417
2629
380
2148
4739
319
1442
1843
3100
2768
4699
1631
4029
4800
3470
206
2965
3559
4398
1678
4940
490
1761
1035
318
1550
664
2659
4539
4964
2715
2346
3480
4110
461
4755
421
2238
4564
4682
2043
4986
513
3012
2466
406
4472
4434
3443
3092
1897
4054
1670
4978
2785
639
3737
1179
2107
2171
258
58
1662
1377
3326
4117
1630
3383
1289
493
1197
796
4680
3923
893
1254
3044
1485
1932
1762
4839
2518
1271
439
3033
2295
4290
502
3513
4438
4688
1353
3150
3791
4205
4579
2709
39
2407
4529
2681
1282
2061
697
3105
4210
1146
1352
4763
3266
3883
97
4665
1107
2159
4979
596
4946
1369
3427
4017
2896
1585
4912
1743
3143
3241
1641
4969
699
4445
1467
919
3128
3581
3123
427
1269
2841
838
3524
3567
3378
3803
3665
1000
628
2873
667
3176
824
2866
288
1727
216
3764
540
4911
1152
791
662
963
2980
4224
2096
3363
4204
292
1102
1046
651
2634
725
1356
987
645
3744
3724
340
600
1330
3416
2212
557
3541
2967
442
1049
3840
2605
1822
2045
4459
1798
126
260
1506
854
561
2285
40
4060
4690
350
621
1704
1512
589
3133
3617
2421
2909
4477
1142
330
4337
647
902
4936
2534
3424
4053
3523
4228
283
880
486
844
3874
1790
1429
4533
1422
62
1922
4517
68
4051
3873
2322
4636
807
4611
580
3106
2741
396
4482
2378
1640
3743
413
4315
2684
3904
3676
1632
1069
1133
4786
4378
407
4264
3668
1633
1351
3996
4775
4289
2696
2190
4760
4412
4284
3565
4360
4374
1472
684
2673
4001
906
3515
2044
2801
632
3777
3445
1113
1724
2140
3151
1109
2208
3789
4237
3184
3853
2487
1560
1097
1366
682
4766
4363
335
2363
1413
4111
4976
2705
3726
2651
3382
2985
608
3644
2387
3496
4822
4945
587
1347
3197
780
1378
2755
1750
4967
3648
3053
3463
2099
899
2145
3801
4584
582
700
2652
1425
904
1564
1988
955
4921
4555
2507
1623
4143
1130
4521
2679
3298
4278
1342
4357
3968
1605
4460
4677
1639
4000
951
1182
4686
740
2418
4105
3495
2691
322
4582
1481
397
2144
3854
3282
3290
1927
4808
2237
804
933
1190
1830
3847
4816
3094
1261
2306
1484
1011
2284
4660
1088
630
1554
1796
3919
1284
4151
4887
512
1878
3773
2155
4987
3892
1058
3400
1535
1962
3
3701
1573
158
402
3146
574
2831
1919
750
3808
3727
3751
2042
4669
666
1290
3739
3222
0
208
2854
4861
3177
4814
3543
1791
1382
1336
1344
387
3529
4036
2796
4629
4804
264
4324
4050
2692
3998
2373
341
1592
1712
3915
1861
1414
4681
2970
3423
2835
4909
3267
2619
988
605
1341
1479
4620
2573
4867
1713
3631
4173
1400
111
2265
4943
1505
832
1072
2975
3636
2092
2019
1807
4602
3103
4953
1536
1100
1024
2393
4610
3784
28
1789
3851
272
2851
2136
1503
171
3360
3040
3608
827
913
1008
240
4180
1004
2714
2254
2035
4818
730
622
1752
786
2206
4849
986
1062
920
1596
3637
4470
997
1957
4015
79
4320
1196
4245
2105
1358
128
3253
409
3448
4759
936
1411
2746
2158
1778
4860
2227
3782
3905
134
300
3170
168
2274
938
946
3609
2210
3085
267
4113
89
4484
3725
352
2217
852
1033
1717
285
234
4333
4268
2643
2501
4664
2889
2354
1673
2855
2412
2193
74
2850
1410
4202
1497
1538
4079
1316
497
3498
4779
1189
2520
4789
196
3397
3620
1101
357
3613
3661
4148
3006
4106
1094
2535
2957
2259
1708
3419
3395
3214
4865
4182
2974
2214
1492
3414
178
3090
3718
3460
227
4256
715
1337
3771
2239
4380
468
1376
1992
4395
866
685
2066
2074
4063
3355
1198
10
4618
3449
3168
4562
12
1298
2305
1580
1803
4723
3550
2893
1192
4661
3478
95
4679
4928
3692
4198
43
2809
3028
4570
2548
4510
3196
3702
4720
2648
3339
3402
4524
3828
3491
3334
1397
351
1433
4243
2606
1132
1693
4443
3236
4565
270
1233
3158
934
1234
1888
453
3762
3821
1511
3960
4689
4574
3147
627
3675
1395
520
518
4225
1219
819
2517
2561
34
464
1141
915
1951
3553
4956
2806
1913
2583
323
177
3666
966
687
2749
3599
3969
4734
4645
4138
559
359
1242
4401
4185
415
3546
4970
2348
1549
3154
2626
219
592
2706
4007
3738
4719
4402
4045
1177
2932
704
2825
1498
4220
179
2256
2570
4328
3870
1151
4561
1666
447
4253
3957
14
1971
4609
2026
579
855
1343
4783
423
3109
2365
4279
2885
2621
2161
3643
1805
1685
444
3695
3706
1488
3435
617
3734
2307
4471
4350
3713
2939
3549
3785
671
149
3193
2943
4178
3333
3122
3391
3794
3616
3406
629
4869
2792
4622
2781
4131
2569
3865
4701
4962
1361
4365
4172
2744
4410
4750
1081
3508
1037
1800
2503
3934
4509
3900
1875
64
3896
2166
797
3305
1260
1502
235
2812
3232
2861
1997
694
1753
3946
749
315
1317
1643
1112
2546
1999
3723
237
1544
2820
2867
1970
4090
71
768
728
4139
41
3767
2313
3699
256
2262
2712
3770
4367
3166
4384
4506
3272
2934
1292
4166
182
416
2445
4153
2396
3452
1129
2640
52
394
1416
367
379
2123
1061
3626
275
1272
2865
4136
1270
1846
1470
3686
3563
440
2771
3016
932
2995
2282
2752
2426
2404
46
185
244
3393
552
1005
2590
4572
1948
123
2477
3761
3469
289
4638
2050
3866
2553
1558
2451
3815
4805
3911
3111
200
2998
4571
978
2457
830
741
2049
4271
65
333
251
4091
4825
1499
665
964
3663
4586
3633
3649
772
472
469
3858
1940
3908
4587
4335
3607
4749
2996
3544
4203
4923
801
1994
3354
3955
2540
720
4541
139
4988
4422
3300
63
3640
3175
3685
3540
1996
1716
2718
2661
2728
4553
391
2318
2124
4753
4112
2738
823
4773
1679
4432
1894
1726
2958
369
199
4514
708
2433
2740
1186
1799
558
1383
1173
2658
4364
3477
4085
3678
1313
1389
4334
683
4381
1486
1782
2335
191
1532
37
1367
215
3884
4066
1461
3578
586
4733
474
1721
1873
860
532
3660
4898
2051
3750
2949
4844
2118
4546
3514
1454
67
1929
3674
3017
4397
2068
3314
1952
1636
2454
42
3942
1835
4294
2447
3888
3422
767
77
3618
3113
2469
2037
1542
1772
4583
4593
3891
1657
96
1515
1642
3188
2221
1547
2598
2639
2790
1776
2969
1027
2207
2428
1118
198
3901
553
4190
4873
2201
3989
3790
1739
4938
3286
2189
2860
825
4425
1068
1148
2779
3987
2429
4764
508
2815
1581
916
3742
2650
3912
2139
1191
2564
3597
82
4020
1032
2126
1224
2559
602
4499
3501
3765
3502
4021
4717
1864
1159
3732
849
1826
1732
3474
3971
4781
871
2646
1881
2102
3278
3346
4537
4145
1757
3548
1430
3336
3265
1691
3669
810
27
3984
2946
1628
3077
4354
1834
968
4464
3019
479
4358
3303
4809
3205
4366
3917
4625
3142
1858
1584
3775
4935
1600
1885
4347
2009
1832
2529
1975
4451
1949
4646
2927
1960
2041
2857
2657
1917
4223
1654
4811
735
9
1522
2236
3867
1216
457
1139
441
1644
2936
909
2251
3005
2620
1572
4400
2369
3551
381
4129
463
2698
4713
2131
1108
2638
3826
2663
2908
853
530
4815
4966
4863
2973
4754
2385
3270
1426
4544
3932
3351
548
4231
309
3887
3988
231
2505
3722
1984
3206
1283
3885
2905
2887
2843
2942
4184
1028
4511
3708
2496
3418
3645
261
783
1265
2952
1293
1681
3221
3330
3306
4423
450
1813
2592
1357
1924
1312
2018
1199
822
3537
3399
2248
4345
1818
4578
537
3466
1087
1092
4600
4201
4371
4785
4758
75
4359
1649
3696
3843
3060
2676
3650
2403
2294
4666
2321
3759
15
3700
2475
80
1860
1162
4230
2963
3010
3511
3403
3677
2163
4377
1603
2509
2849
2463
771
1424
620
517
1436
2392
4975
2279
4266
2372
3582
4449
276
4469
2486
94
2722
2726
1494
4454
2268
3218
4862
895
3517
3036
3234
723
1362
3026
923
4033
3046
1034
821
2183
4782
4821
3441
4709
2076
877
3566
138
2345
3457
4389
2473
813
2252
2525
834
1709
13
3720
1921
4977
4003
4018
4628
3140
3979
3089
337
1308
2907
2630
1019
1945
3473
2287
1838
3809
3451
4513
2197
2978
1848
4632
1849
2802
2817
846
115
3321
4399
1859
4899
2764
1275
2693
4042
2277
3018
2563
155
405
4121
87
2056
4823
4747
4550
4170
1616
2800
4929
4840
1031
2303
225
2364
3093
3024
1634
4285
2875
236
4693
3823
3602
3137
4447
2432
4575
3268
726
2876
314
1435
1319
1847
593
1867
3429
2298
1533
1756
3539
3717
1883
2141
2770
1473
321
3603
3756
1172
2837
1540
226
1995
356
509
820
2541
1449
3243
2420
2104
1987
170
811
2036
601
424
2765
2179
2961
480
4169
1329
436
159
2716
4715
856
640
4932
294
3585
228
1384
4672
1056
2997
1556
2678
3368
3758
2327
4189
3838
1868
2613
2979
1964
4997
875
2388
3557
2233
4985
1516
2211
4005
1683
4313
2333
1297
3065
3575
4188
545
521
142
145
1095
2490
3183
3813
1399
3740
3066
729
1821
4615
4657
4691
4538
1786
1419
1452
4635
2956
4950
506
4032
3129
1651
1096
2339
1331
3763
4581
3871
2046
3860
1815
1568
3126
2232
785
2532
2680
2637
3910
174
1432
4891
3173
536
1979
1745
268
1629
1412
2283
3404
2032
2297
3538
3440
3816
3635
3021
3320
4114
584
1767
1398
4396
2668
727
3203
3324
4855
3804
3802
1801
3774
657
1443
1295
4868
306
2856
1103
4322
1123
478
3297
1405
1770
1168
4668
2677
2672
2275
3600
4641
3943
100
1345
3464
2173
965
4338
1671
3252
568
1020
290
4738
3385
1167
1529
1277
2847
4392
3612
4492
3144
2572
1748
1268
850
4633
2315
4276
1809
4383
4035
2713
3235
18
654
4353
511
2064
2470
3977
2674
1829
2914
3518
1335
3929
3317
1764
4888
870
3488
4996
1675
4404
2151
2005
578
539
2542
4030
2742
2054
857
3353
112
4692
4433
1825
4062
782
2566
3450
2703
961
2533
4643
4191
1370
541
2108
688
4796
3992
485
3638
4999
3189
754
3920
1137
2786
698
2397
47
2218
634
374
3623
3014
709
1771
4697
2731
346
659
705
4120
4208
2332
4064
462
2007
4984
2272
3947
3180
3031
2610
4647
1965
4229
1164
1811
1448
583
876
3963
4388
2246
1617
4925
3131
1514
817
3841
2458
3224
952
4175
2891
1637
1013
4831
3444
1833
1508
3411
2884
4675
992
2209
3209
910
2389
1256
2453
2406
481
3219
3384
668
1332
4558
2060
2594
550
1267
4134
1879
3462
3894
3837
3361
1991
1059
2736
738
2270
4213
3577
4058
1474
2386
54
1155
3198
295
4711
1181
2097
1956
3606
243
1974
3211
519
3037
4048
4325
4006
4094
3274
2582
3601
4137
734
1441
1802
2782
4998
1420
3621
2077
3359
4971
4146
410
4590
3534
594
4219
2987
1349
2929
377
1908
4915
4656
1007
1862
3387
17
2222
1232
2756
939
3921
1710
609
2727
2649
1291
3015
1315
777
4797
529
724
2665
2558
2452
2708
4813
3928
4130
3964
3258
4244
4812
4751
650
3107
1942
989
2829
119
4286
1953
3604
4483
2576
3624
4026
1911
4832
546
556
2862
1882
3569
1406
2793
4607
48
3687
1738
1766
26
2120
4147
3505
1245
49
355
3304
1702
3086
2898
2514
905
2858
4515
1093
90
2029
1658
3922
3208
72
4476
3807
4351
1169
3985
2340
229
3484
1438
4829
3213
3350
4696
3299
4414
4700
2142
1421
1371
4525
1936
1083
748
3035
4500
2735
157
3868
102
2329
2999
674
2810
2483
53
907
4549
2394
1250
187
3331
2063
4040
656
3719
4216
3459
4281
2400
4913
947
2804
454
2153
4784
1588
4122
1299
3408
1184
4712
194
2597
4179
207
4078
2351
3091
3344
679
1814
4023
1863
4858
110
287
3388
1066
1714
4851
4864
3048
4486
4854
1334
1526
1852
1154
4980
4770
3367
3115
2382
3975
2758
2653
761
3591
495
1521
3045
623
1501
1014
4089
344
1144
302
7
3112
4272
977
1781
4934
2215
1955
152
1195
4799
3671
2859
1546
1812
4990
360
3856
1463
4046
4497
470
4947
209
2017
2555
3939
2030
131
2071
1968
2331
535
3842
3783
3313
879
3704
1464
345
2628
1445
1135
1877
4270
2381
151
1300
4385
2461
3916
1176
4683
156
551
150
1225
25
4530
1698
2370
1029
3731
576
4115
4197
3200
2476
3839
2803
1742
1160
1044
1520
4321
4275
4994
3023
2599
2334
2408
2732
1907
4592
1121
2834
3436
2687
1598
3684
372
1740
2551
4283
3893
4097
3479
2462
3489
205
125
348
50
1303
1722
809
4326
976
4704
1627
386
4834
249
2924
3944
301
1906
1236
1262
1051
672
2067
571
4298
3415
3276
4900
3454
3787
4702
334
4870
1528
4877
4941
1161
3796
3574
4075
44
1676
173
2498
2204
3323
3001
3707
4757
3547
1229
2902
2368
2664
4958
4092
1018
2359
1188
3430
1531
4778
4305
1565
4745
4949
3780
2015
4769
1696
2721
3925
3656
935
3347
2278
3533
1548
3110
3833
1248
3132
1431
3245
2112
839
1561
3697
3698
1458
4273
1569
2743
498
4067
2438
217
4836
222
2904
2241
1562
3049
3659
375
2624
4557
1067
1264
1318
4255
1773
3273
3970
2560
4302
1808
1567
1785
3281
274
3755
4951
4534
4649
4215
1200
298
2264
4038
3844
4960
3467
104
710
4507
3097
1213
2039
3332
3171
2047
4165
1524
4240
646
4155
2006
3101
658
3043
2000
718
4149
3412
2090
3139
4186
4430
505
4707
3242
2838
1174
3067
1145
1500
2424
1686
161
1301
4267
2409
676
2186
4842
3165
510
3836
773
1961
241
4291
4830
3329
4748
615
731
1905
1434
2991
2522
1880
2601
4082
2976
884
2625
1612
1218
3499
393
3909
3980
4777
2443
1401
901
3136
3605
1490
4989
4440
3976
3398
2789
953
4304
176
137
4793
304
2337
2495
4619
863
2603
3875
2025
2944
2399
3583
3163
3486
1886
1591
1827
2784
246
316
3799
1783
660
661
1534
4917
2482
1026
3401
403
4310
3364
847
1223
885
4055
247
4098
343
619
3903
166
2539
4009
974
2073
3691
113
2536
188
3614
4247
2286
1364
2100
3800
1768
1114
1240
4595
788
2011
332
2502
2362
4468
1806
3248
1638
2
4820
1872
144
4234
4706
4846
606
1614
616
3812
3029
3159
1920
3162
3239
4307
4922
944
1085
764
1663
2994
1779
984
1837
756
931
2941
787
981
2271
2868
2002
4651
417
2181
3342
3088
3966
712
784
4418
4722
1946
897
2103
763
1047
637
1140
1053
1333
2310
4415
368
758
1912
3974
4073
4728
3207
2446
2899
2945
1076
1840
4573
451
1943
4850
4265
1941
3256
4852
3542
4972
1839
1324
4671
2058
1690
2579
1039
789
516
45
3095
3693
2848
3792
4810
4732
412
220
937
1281
4772
124
2405
4456
1183
1759
347
1747
2027
979
1158
1935
1437
3201
1304
1622
3182
945
1166
1575
1221
3525
2149
4406
4637
1288
1590
4452
826
4642
3050
460
3561
4376
2491
2225
3190
3528
975
549
1931
1396
2683
3185
3081
3938
555
798
172
4222
2511
2417
3493
722
4496
1765
3483
3216
483
2763
3104
1187
1760
3257
1459
3931
3592
3945
3795
998
1078
2955
1388
1251
1720
3647
2439
2391
4652
1553
2358
1963
3008
1734
3369
3099
3752
1276
1274
2311
2014
4080
1226
2028
3145
1938
4405
265
4467
2641
4508
3307
1959
4174
4490
2048
257
3076
2747
3394
1660
4049
691
2133
4238
4407
242
4927
3855
1306
812
3694
1576
2900
2797
3859
3961
1787
873
3810
4083
2981
3392
500
2844
3013
1625
2584
2645
927
2164
2249
2647
4663
4465
2607
3510
4012
1820
2192
636
3357
3949
2947
1517
1305
3294
1045
2072
693
2010
1124
1327
3519
443
3862
2194
4235
2055
3503
4939
4394
930
2783
3283
4678
4608
2903
3735
2281
1707
70
4791
991
2291
2524
4893
4795
2667
2813
1594
2200
1958
1895
778
2710
1015
23
1571
3038
1656
3664
4362
116
1715
3611
2794
3570
4308
1792
1608
2871
4848
908
2757
960
4744
3798
473
1552
4123
2243
2106
3152
2353
2160
3328
2895
1841
2711
2489
4767
1780
2253
426
2091
3521
1390
16
1645
3902
1439
4982
201
922
24
286
2700
98
4303
4591
843
3475
1478
2152
280
1973
842
3458
2465
4613
1744
282
2347
2220
195
1385
1206
631
4857
4847
354
1703
590
252
2290
3506
673
3316
565
4727
2325
3327
3187
4099
2202
1967
858
165
962
4171
3766
1655
538
4599
4142
2172
3769
588
2156
2472
2178
2872
2915
3199
1699
4807
4084
3069
3721
4567
3277
2021
4908
4895
2836
1368
2766
1222
2776
32
437
4729
1404
1701
607
4930
414
3084
2342
4194
1621
3058
3259
2682
4309
248
1471
4109
681
1593
4905
4612
1403
1527
1307
1323
20
3832
3431
3262
1311
954
4730
4241
1203
1730
872
3155
1122
4780
2596
2537
1171
2739
230
4118
2527
4545
1465
3379
1456
4011
1309
4740
759
4614
595
2612
959
4746
940
603
692
2415
4918
2937
129
1363
363
4039
2530
4274
3341
2588
2374
3863
338
1023
250
4002
3348
1635
2769
4070
2492
2549
4466
2228
3425
164
2512
2128
1043
739
4674
4390
2157
2184
4833
2707
1402
4041
3876
499
522
1091
3377
3776
1126
3972
2442
4426
4095
2925
4126
2134
487
1138
2425
4059
4386
1355
4827
329
2485
2611
3830
1981
1098
2717
4992
4597
3545
760
1607
456
3817
4455
4453
1468
2170
2984
3845
1954
4028
4158
3709
4306
1115
1082
1930
4866
5
3490
2449
4159
3362
2753
572
4211
3102
3083
1793
3210
3895
2930
418
3439
4802
3160
4788
1667
3558
445
2931
2826
1322
746
4963
358
33
2748
2031
1127
3872
1977
2656
1816
395
2751
1755
2504
1296
203
4601
2013
1320
2586
6
2240
4100
2818
4532
670
598
591
1278
1279
51
382
3651
1794
2632
3857
296
1444
2075
4768
2302
2081
4478
2587
2545
1705
4933
1001
2266
4889
2642
4248
320
675
4536
4606
3004
4803
1116
1475
3535
3983
492
2948
1409
4119
1692
3068
1373
3688
751
524
1563
458
3220
1695
3657
1989
1819
504
3233
886
2557
336
2326
4193
3730
2125
4419
1889
554
86
4743
1804
1754
2224
4437
2319
3619
3148
4249
2300
3716
2531
3746
4687
515
1380
3195
4043
3536
133
1491
736
3428
4293
269
2701
266
2085
4124
3255
466
3555
4218
4563
2775
3285
2814
2833
4226
1125
1513
4965
2916
2260
2328
753
4144
1903
4074
1668
2174
828
2175
299
3447
4257
878
4242
3641
3116
2921
438
3956
887
233
3520
2360
2162
148
2435
3011
4212
1545
4016
1302
774
3465
118
2094
3096
3482
1106
3926
1131
2088
1982
4731
328
1365
4902
388
547
4654
2972
218
99
1902
2811
1933
4346
3009
4411
4206
2008
4254
864
78
4287
3052
831
1386
2633
3747
140
3442
4
3343
3745
1613
2280
390
2377
432
105
4488
4806
4658
3082
3596
4340
317
3531
3420
4907
3446
446
4296
3051
56
1325
1002
2877
4176
2402
4108
3358
3793
4942
2261
4152
1844
4919
1483
4251
3586
303
281
3135
562
3588
4705
1589
3652
2467
1504
4154
4626
3573
3849
1450
4983
570
284
4209
1784
154
3042
181
2686
3924
