9975
6465
2652
1465
4088
9396
5400
6141
7490
8354
5477
3703
9871
703
7447
5081
3126
9633
8627
7475
2976
4374
3006
9350
6610
8908
940
863
1482
1800
4608
4040
6431
390
8924
6248
504
8449
9819
1164
3718
6326
9565
5264
6417
5943
9954
2249
2542
6060
6042
4991
6935
9892
6469
6478
7603
6217
680
7356
5068
2121
6845
2892
8946
222
6752
4479
9388
7772
4009
50
198
8553
5576
9538
5681
8502
8058
675
4134
7145
5583
544
284
4129
7210
1103
3602
6961
2822
3120
732
8970
1011
4085
9878
7635
534
2953
4411
9017
2302
6741
7096
6775
836
5321
4266
449
5473
6738
5690
200
5366
3004
5674
6238
9723
5309
8547
9306
8052
1793
8551
9853
2359
6807
9674
5103
3802
2353
2706
9352
5694
3118
7764
5623
8888
8527
4964
6490
2888
1500
5097
9011
1596
5671
3486
1012
9887
4402
1873
1681
1869
1696
5481
1627
2748
5
9454
4883
2948
6473
4310
3222
3108
7036
3039
9595
1985
4834
6049
4316
450
7060
8512
5348
8561
6749
6556
4742
1088
5156
2056
351
270
6559
7240
4977
8234
2045
1882
7404
7380
4654
3755
7309
293
7213
9085
1521
4889
5794
5709
3870
5009
3867
404
4635
5848
1809
2713
9939
4192
9147
6854
4242
1421
4756
4866
5006
4403
8337
7058
8197
342
7931
8220
2292
1349
9557
4012
1641
1239
1945
2112
536
8299
7916
753
5734
2505
329
5727
7990
4318
852
710
3925
9336
674
3474
3021
699
2122
8575
7693
2190
3875
1067
1257
7968
1270
5758
2354
5982
1496
6765
4091
7045
212
444
5206
9612
238
1741
3763
9201
7008
5930
257
3417
8088
8850
4071
4818
9390
6175
1449
8596
5229
6481
6973
9586
7778
6530
7196
7618
1343
9130
1564
4240
6824
6942
9957
2266
9529
2385
4633
5279
2576
4294
6497
7758
1309
5811
1260
6424
6331
337
7123
5328
8958
9910
5411
4082
2075
6798
8256
7690
3171
2801
2401
1865
9788
7859
9472
4059
9503
1812
7251
9539
7197
6016
2535
1413
265
7412
9989
1079
5385
5167
4453
1754
8975
5064
2441
7025
6800
1898
5242
9193
4555
9451
4952
9083
5381
2668
7485
2994
5376
833
8419
3411
1353
5479
7398
6763
138
5733
1452
7379
3154
411
4607
1546
7917
5756
7697
721
3293
6306
2906
975
8113
292
9675
9607
3883
3590
4696
4669
2952
2575
8092
2025
375
6925
9169
5099
4535
3632
8988
6454
3889
4432
6554
1659
4303
8036
8781
5494
1674
8434
636
4054
7767
5152
3850
4469
6708
4544
5924
7453
4983
3142
2635
1417
5000
4950
7051
7407
3595
3128
2238
1136
1982
7098
9086
6851
5519
8398
1445
3843
4670
3254
7996
8674
2144
4102
309
5236
1818
6754
417
8756
2715
4692
5772
8593
9984
320
4890
7137
4858
1429
6989
9751
4477
782
2298
4819
246
5728
7167
660
3199
4805
5093
715
1623
2286
7486
4468
8401
3374
4978
7007
2273
282
3356
1033
2100
8080
3012
4771
2332
8858
4347
3907
5915
8493
2893
6166
3620
5497
176
6656
1739
5211
4747
6057
9198
6242
5378
4616
8655
6402
5849
5856
9660
2568
681
7190
5920
4230
8927
1287
5861
7986
7611
4382
8258
5769
9051
7580
1089
3507
5541
7785
3681
8683
4709
8664
618
3224
8641
8962
3942
4022
667
797
7640
1645
6475
561
6032
8076
4288
5513
3756
7849
6761
9987
7616
5056
6101
1752
6767
6793
2261
291
7122
1694
7381
208
8687
5022
400
1855
2982
5652
3606
6467
4591
5556
7254
8521
9172
3253
2091
4619
2058
8320
6471
6253
1858
8667
5677
9836
9215
1864
3929
3051
2942
7062
1925
2971
3403
3977
241
7354
9199
9634
7792
6675
3059
1603
5299
7324
1057
1391
9874
9521
9850
1821
7274
5857
5590
6435
8409
5198
5170
7100
3651
2702
2347
1839
8522
2055
8141
9236
9070
4667
2107
7149
1609
4943
4873
8944
3228
2897
7884
6936
3823
2030
6023
844
7015
828
1109
253
9953
983
3442
1097
184
6948
6508
980
6430
3895
8679
9353
953
3286
6955
7445
4434
1428
3685
798
5468
2242
2330
5534
3430
4653
8879
7939
9899
6092
2693
3641
2369
2139
6258
7622
4719
1953
3159
5010
8726
8044
4487
1594
8707
1884
4578
4528
5448
1182
5969
5266
3600
1112
1352
3207
8529
8198
5955
577
4718
3615
3767
2601
1900
5439
2662
7415
2317
4540
8994
5854
5785
5502
1930
8755
6048
9145
4779
3453
1723
702
4132
4508
7442
3586
3795
3608
2468
8356
3617
3110
4017
6161
5283
3931
3504
6674
7317
6588
2840
1834
4716
3027
9228
3619
1190
45
5535
4953
8061
4203
2417
7780
2654
6521
335
1643
9594
8064
7964
8511
2889
6591
5647
8309
4552
4823
5158
6463
5514
3045
3269
815
3913
7645
1651
2963
4033
9381
8456
5664
4929
9234
3276
360
989
5872
4368
258
840
2941
9375
5347
7586
2456
3891
6551
7438
2832
6905
9281
2743
2300
3481
823
8589
8673
8868
4186
2928
5698
2605
6960
3301
5948
3302
1158
9137
307
9063
4485
5457
9341
7367
346
8859
4837
9536
3578
4314
5453
4188
7342
5676
1779
2208
6373
537
4503
3488
4527
7850
3019
4169
9107
2216
9032
7793
1847
2424
7321
6022
1908
596
3378
4538
4290
5537
9879
3196
4036
825
6425
7385
6909
3732
2269
8643
6745
6345
9113
6213
6817
2795
2831
7390
7294
2155
5179
3204
2237
5518
1928
5088
3979
5380
1974
2210
2604
6179
1312
6930
2084
4277
9795
1836
1188
3111
4878
7150
68
485
6153
9467
6056
4361
4668
5370
5529
6915
42
5314
4106
9803
7092
4217
1236
1552
9577
9645
70
935
2520
7866
5954
8652
9149
7426
2736
5304
5963
3572
719
8442
1907
6866
2851
1768
486
677
3090
1905
4710
9974
6267
3094
751
700
7506
8629
2986
4447
5641
5186
1911
8543
1529
3673
1540
8175
6646
6327
6113
9368
1264
3715
3936
9825
4868
2799
4812
6672
7033
2961
1214
3441
4410
4935
7278
5864
8520
9203
9717
3428
656
7341
6523
8990
8233
3640
1242
4749
3683
1126
7883
5191
5079
3263
4381
6552
5626
2584
4452
1772
8339
9468
8447
8585
3567
2760
5526
8578
7955
4685
5292
3096
452
4399
6914
7819
5312
43
641
7654
3992
1990
8235
2367
191
2466
5155
8265
2455
697
8397
8348
6758
6322
1737
446
4067
5942
7287
8916
2650
1731
5265
8486
8621
7215
1346
5233
4896
3003
4109
5973
7729
9584
3292
5917
5956
2180
6974
1960
5578
2357
6693
4677
5650
9171
4094
9138
4865
5921
5863
5721
4026
6406
1259
643
4349
4792
4366
6443
6017
7918
4131
2999
3659
8640
3267
1933
984
5027
9604
4665
4378
35
2674
5405
8745
8000
2705
3268
2309
9001
2251
6339
9786
5168
8919
125
8703
791
206
4396
4681
3149
7935
3449
9412
698
442
1490
6884
3838
966
2244
8590
3280
7663
9202
7762
7960
6524
2054
6951
6975
3877
9494
2126
8102
4960
4787
3921
6416
4273
6093
4287
6028
5305
8204
8968
6303
1397
9290
6697
3601
9740
4574
3165
3519
4711
4442
9142
6086
268
9050
9725
4786
7921
5303
8336
7743
5437
6218
5185
1781
5737
4457
3345
3018
2548
813
3184
9777
8152
9581
7310
7273
5055
7763
3776
7066
5812
8007
6075
3672
7391
3987
3551
1005
3855
7243
918
9022
3636
8251
5243
1926
4112
6928
4451
9958
2739
431
5176
5944
2026
5814
7791
4917
8134
4772
5025
4887
9337
822
6453
3314
571
8960
3736
6695
3842
5397
5827
4219
9402
4609
7967
3436
4905
3564
1080
489
5184
3426
5074
7688
5219
1979
1432
6227
9014
1014
1134
4393
9596
5255
9013
7525
9407
7627
5485
3637
2283
7570
3652
2833
9450
5197
7393
6599
2382
5228
3945
1485
5140
1624
3424
8618
4579
3861
445
6197
3772
252
3574
4959
3885
8507
5449
7894
3072
3181
1435
9026
4980
8435
725
1016
1072
1420
8811
3015
802
9153
5808
740
3164
5760
5768
6543
2695
3591
488
1207
5628
3173
9042
602
4263
4415
236
8651
2360
8244
5891
3234
8249
6737
8911
9426
5555
8073
1082
3359
2370
5996
776
9307
4151
2349
7615
1186
7161
2133
2870
4820
1058
2796
3660
266
6598
3152
9573
1290
4764
635
1976
6389
5341
2278
8922
7942
7798
5054
195
7923
2274
2956
2806
591
3975
4232
1513
168
8880
6639
9650
453
243
8078
6953
8789
7821
1049
736
9184
5989
2911
5057
5447
468
8314
1459
4594
3964
4311
9302
7428
4185
9190
7134
7708
4901
2003
9359
5644
6553
4580
277
9452
950
8047
4814
9476
3903
8124
9680
7328
9334
6178
8277
102
4443
3127
2099
3827
4797
8132
4707
155
817
3956
8267
1117
985
1742
2106
9652
6776
5544
6118
7626
1598
1434
6931
9115
7666
6949
1716
2784
8481
5362
6721
6310
3915
1283
6727
9647
3775
1342
4734
5440
4533
467
2199
6085
5141
4116
4397
4141
3806
2621
8936
1586
5893
5421
3576
6398
1850
9159
2480
9314
1027
5482
2496
2272
7090
5840
8470
5835
9267
9489
2910
2867
7479
4497
7913
1924
5572
4995
8963
912
5968
8751
7338
6597
6138
1289
5109
9208
3616
2998
9369
8196
9453
2786
3175
7566
108
4597
8043
5678
8558
2419
7874
4894
9268
2494
880
7233
80
1967
9919
644
9183
1307
3129
9499
3329
9747
6441
5936
6026
8971
3163
8903
7478
3508
7910
5580
7872
1763
1977
7658
585
110
9563
5360
3897
9824
4839
3946
5679
4954
6967
9820
8716
9497
520
9345
1776
3381
8271
690
9419
8484
9544
2995
5412
38
7795
8964
1023
708
7909
9811
2935
7928
8085
8545
3511
9897
9841
7303
899
654
2733
2407
8461
8882
5235
2877
6596
2726
356
4386
9868
4854
946
9500
5408
4940
4183
7336
4835
9866
7598
5261
6091
8001
2333
9072
88
6783
5553
7903
8956
7742
7668
7985
8010
2665
6250
9753
3472
3571
2146
8368
4421
2018
5475
2289
4666
6422
1467
2285
4513
5241
3904
1597
5934
1914
5004
1921
7186
3533
7326
1046
9702
4466
6184
7715
6636
3729
5293
5782
232
3446
6823
3200
2879
6690
6976
9421
3169
7362
9746
6658
2818
8860
1806
1237
9833
3558
8431
1224
6447
2883
5980
7079
7235
3423
7074
3566
5726
1439
9477
4545
314
6483
9329
1606
2040
6420
7726
9079
2080
8902
5045
7133
7675
2708
2032
81
6844
7083
1050
652
3650
2749
3986
9176
4195
7239
3148
767
1722
7575
8331
786
5851
9882
5169
5852
1756
2643
3230
8823
3516
8218
4170
4437
5916
6532
7071
4153
6404
1666
2450
3435
1495
3625
521
9194
2846
9890
3047
5871
7166
8316
3050
9976
5536
3201
7070
3069
8592
2545
5128
9560
3395
9979
2243
8412
9126
7502
6785
943
4676
464
5581
8120
8346
8323
6106
557
2135
5149
463
1993
819
3365
1406
4781
7644
4957
7095
5506
1845
8653
6186
3544
9237
5204
7830
6687
6089
7369
4824
1427
3025
3031
9523
85
7532
1878
6868
5601
9347
2322
6536
4210
7417
1526
290
7521
1980
9969
9367
8869
166
7934
8939
9531
5716
9911
3714
6367
2587
6512
3719
142
3552
1438
7546
7974
6886
2765
5259
5621
225
2290
3691
1466
793
1871
9109
382
8083
1120
1750
8672
3970
4586
5976
3627
7723
4324
3471
9997
1726
3361
4492
7410
1195
8646
1492
8164
9403
7257
9392
2763
1221
9256
8632
9923
4682
1946
931
7194
6095
8719
163
3768
4196
3864
5013
801
5635
1937
7606
4306
6307
4717
7073
2949
7664
3498
1559
6774
780
3323
8579
6333
8818
8357
1310
9389
1955
6130
3957
1386
312
5143
990
7558
5885
2537
2246
996
4145
3539
2625
6827
2270
1747
7055
9616
1241
2452
9166
5201
7581
1313
3209
5922
5078
6582
8463
3397
8366
5336
2783
9218
9100
9258
9600
3220
1356
384
41
1
1828
2934
9510
7988
8519
5527
2023
2493
7017
1131
9459
7389
5221
8192
231
8914
2213
9266
4506
871
811
7579
7950
10
3217
2189
4870
1615
4941
5399
4039
5642
4967
535
9672
4791
4339
8155
6499
7992
4291
1557
9576
7472
3439
9641
8709
2379
5665
8987
6199
4816
6088
7429
9496
3630
9106
3186
2855
6363
6129
7890
574
8213
9704
3878
7704
2201
2638
563
6660
6934
263
7813
6383
4794
4007
4753
5335
5117
5715
6051
5484
778
1036
3583
2124
5661
7937
3325
6132
8381
5438
3664
9305
2714
6020
3390
5795
9247
8038
3581
1371
2557
3680
4209
1154
4630
5205
447
7809
9220
72
2431
5393
6679
8731
165
8444
5787
8359
8335
3024
2150
1277
2254
2616
6300
495
9815
6374
2241
1354
2769
4065
348
7223
1441
9731
9591
6640
2720
6626
480
9298
9698
9638
4627
4838
8816
8783
621
7026
7584
7531
3469
7237
338
5643
8536
4000
9095
8145
9689
3225
2131
205
3238
34
3017
4828
2421
4331
6649
9646
7104
5584
6632
1140
7595
9487
5084
2579
8920
4379
5563
8770
9854
6033
8303
1238
607
3841
9742
5161
4149
9642
6254
4785
837
9112
1581
2061
7676
9029
3699
8099
7761
3501
6278
642
1323
6209
8717
6947
9304
9495
132
254
4499
6712
8649
6116
4256
4155
874
7295
5551
4871
2805
7513
5509
1579
9699
7078
7176
8386
7279
6165
6890
9515
1244
3363
5784
1038
7266
3605
3478
2824
8711
413
459
2978
2923
1216
9371
4021
3781
626
9401
2101
7052
1037
7647
9036
7827
1744
543
3881
2809
1788
8126
6614
3688
7945
6818
4610
5669
6442
5965
271
5673
6662
2097
8638
6390
9894
7191
936
4596
5490
3140
9031
4775
2943
8534
5444
8351
9889
5238
1041
6699
6148
6937
7003
9904
3188
5986
5384
4511
7148
1872
2636
5368
9326
1575
5257
3633
4286
2592
7511
189
5100
1532
7425
4152
6539
4340
735
1950
4650
3930
1059
1028
785
8533
8344
2149
5166
313
4418
8752
4674
2105
2573
9279
1243
7411
3684
2987
4986
5530
6124
2147
1842
1255
1935
4220
5122
1562
5877
7220
1792
440
1952
5706
7421
6781
1817
4751
4563
1437
8169
7232
7061
162
2924
7824
9317
3296
1229
7370
4133
6289
5420
605
4389
1443
428
3354
9118
2696
6998
8294
164
9739
167
3978
2738
540
4044
7151
784
215
8451
5616
783
7680
9274
5817
763
4301
1964
6040
9775
7069
321
4663
5613
2063
9659
7432
3202
5200
8676
1318
7907
6965
653
4655
1712
2282
7335
2461
4076
1009
5092
144
2894
1932
3707
717
971
1096
3529
2469
9175
5592
418
3052
9812
4938
3657
5542
9552
9056
1389
6902
8250
92
2043
4446
3144
907
9221
9535
7430
4070
4027
2247
4723
5406
6773
2437
2559
3122
4500
1113
9842
7751
2541
2380
8037
4122
3026
2731
9999
1160
280
5663
7652
9141
2458
9654
7255
2019
192
5086
7507
4064
6958
245
6460
9546
9741
8966
1372
9233
5880
2735
3383
3799
3674
1347
8189
3066
3584
5359
1369
4448
5104
7503
4762
2205
3235
2284
8361
3746
3281
8062
498
1076
7587
2308
1252
2543
7505
3926
8899
5120
2090
4357
5306
5999
6511
7464
409
3384
7221
1904
7413
9103
6897
9692
5165
6423
224
6494
6982
1826
7619
285
1787
2979
903
2600
3271
9431
5450
2148
7068
4299
1507
2808
8421
1940
8567
5859
7270
217
4449
2306
1114
4595
2390
3582
8896
7291
8149
1235
6729
762
3559
9793
7750
1931
4903
7205
7345
4460
4018
13
4735
7877
9925
9327
5545
2817
6627
3379
2157
1611
2920
4079
1938
1585
491
4202
6525
1404
1595
77
6359
6415
3698
7641
1510
6438
8433
2962
4498
2432
2807
116
662
1549
7638
4769
5070
1394
2558
7592
8500
1159
5883
1111
2827
634
6923
2394
6657
6220
8040
2280
5386
6038
3062
7268
317
8229
923
4639
9559
583
9211
6076
6828
7567
1515
958
8260
3612
2764
2393
3418
6748
5062
6648
2611
4573
7142
4272
4043
4328
9978
4491
8749
9706
8205
6059
6972
5409
1959
6190
9774
3056
5807
6268
9439
7826
2989
9382
5051
1636
1954
757
1947
848
6160
5932
97
7297
6661
9420
8620
7998
9926
2295
8488
3432
9513
4259
6680
6618
6592
7156
5489
6233
8605
6713
4010
7102
3969
7547
6440
3330
119
2151
9858
9848
7482
1714
1333
8633
9668
4501
5026
9556
7735
8304
2509
4686
7514
2991
5797
506
3854
750
516
500
5033
2116
755
6722
731
3917
5630
2622
898
1375
9224
8327
8035
57
9525
4548
7459
3413
5791
2682
8930
5896
915
134
4626
4926
3450
3844
5364
6882
648
4162
7106
6501
1118
6841
8723
5750
9783
7962
386
4864
4371
7794
7312
5178
1824
244
7246
6215
2874
439
5232
2762
8982
4241
422
4249
8503
4020
6870
3839
2076
7334
5549
9530
7771
7002
2767
9572
9064
1265
9809
9027
5684
4146
8283
7333
2066
6992
8684
364
8926
4840
7965
8893
4618
6797
6249
6346
2368
2561
1857
5720
9708
3587
5605
1538
8029
1383
5018
2666
96
6663
1226
3420
3607
7548
5294
4377
6739
8059
3194
2488
1077
28
5900
6641
3887
3400
5781
1584
58
5860
4398
1840
808
381
454
9597
6578
8338
5446
1830
6898
3663
7842
586
9735
9730
1852
2253
6047
6353
3735
7636
4178
9062
3675
2819
7427
3465
616
8112
7056
2776
960
744
704
2314
3104
713
8025
5813
479
2110
5269
8623
6313
2065
5202
299
9155
3706
9262
4057
9937
5658
924
9354
7982
4346
4156
3233
3966
9980
860
9265
4081
2938
5339
4292
3862
8759
6395
3462
5105
7875
8900
5499
8817
8591
4518
5089
4507
2225
2502
8849
8682
8193
2903
6155
1108
3626
8423
6888
7623
373
939
3658
5539
5240
838
9898
5111
4337
4721
7132
694
8853
3829
1837
1619
1071
6615
1927
7053
4680
1362
5183
9860
5493
8215
1920
8517
1999
8925
3995
1124
8472
9404
7169
4395
9483
2813
1219
5237
8315
9049
8615
7152
2866
8906
5826
5823
6256
5442
9632
501
8371
7406
3391
3433
9823
9191
2787
3924
4438
7065
7172
6067
6050
9284
1285
9294
9376
7920
2630
3757
6315
2925
7013
4433
7492
9619
8069
7481
7473
2534
5719
9082
3824
3647
4774
9312
6993
2850
4276
1324
2218
8012
7452
7286
1262
1868
7188
4730
5604
7860
262
3908
3943
2478
9293
4530
5798
2591
6616
5107
2489
8324
8802
2780
8725
542
7897
1296
4441
5624
9398
2136
6354
7725
2471
2037
3515
4138
4739
336
968
1127
7004
3351
6344
9422
790
4796
2342
6684
1998
5953
937
2318
5387
344
4161
5162
2187
3669
8459
4304
3297
1608
2328
159
2917
4269
2853
8411
9861
2013
9658
5818
4212
5263
4454
9779
4826
4343
4583
3339
9339
6575
6074
959
63
5598
5525
8393
2293
9520
1095
8345
197
6700
1994
6288
7250
4911
6533
9681
4551
1121
1916
982
8510
4603
6527
3815
6376
1370
3088
4973
4218
4830
6734
2366
5297
4222
2154
6747
5868
7790
9424
9348
393
9168
2598
664
5173
8408
9383
8350
9323
4844
2685
5554
547
1268
908
1705
3737
8384
4495
5543
5901
1664
1210
8692
1344
2521
5991
5048
2589
8129
3177
7535
8611
3137
4582
7604
9455
9884
5775
6456
9970
8104
79
9920
8753
319
9614
9769
3360
5419
9655
7049
4231
3679
3733
3404
8952
3218
8049
2092
2340
5281
5870
4693
3377
7901
5407
5571
2196
8268
1405
917
9225
9822
46
1923
7617
5702
3375
8420
3073
6628
4733
5177
1205
6548
9260
2193
6622
6664
1410
3988
1790
9318
6286
6887
2462
3543
1040
1820
2324
4892
2207
21
4602
7209
6620
112
7971
2334
8474
6207
7646
7902
9411
1029
1961
8452
5711
5505
2699
957
322
5065
6742
1988
4664
7418
8019
2620
1206
2373
5957
6906
6570
9508
2967
6814
7009
37
9101
3101
249
2834
9007
3948
4072
6244
4783
9040
3205
5246
8032
8075
5325
8177
308
2464
8133
5695
4946
4768
947
6287
9649
956
2166
9709
8302
3845
4922
9611
7087
354
893
3739
5912
4004
3156
2275
5295
1531
3828
141
7253
7200
9080
5648
368
2178
7673
8564
8959
7347
5994
1340
4659
5869
6631
2203
9358
7470
6645
3425
9867
6408
4305
7540
6682
6576
2675
909
2062
2529
1480
9960
7302
2965
2926
901
2059
4422
8604
1997
517
5209
2653
9907
9374
9263
7117
5881
6980
5058
2725
5806
4547
8480
1571
8678
3369
8607
5132
8328
6999
954
3304
2454
1796
6462
2451
3813
3190
9862
6830
9134
4519
4845
839
7021
7904
905
7727
1326
8321
2085
4867
2597
9952
6370
6369
9384
519
5395
9123
7135
4958
4144
6290
8989
5193
5562
5597
6112
8468
8685
4643
76
2895
1917
4180
9223
4083
3730
3830
9700
2734
1605
9621
3999
2504
5559
4427
3550
8272
4496
8595
554
4108
6590
1201
8846
7416
4909
2918
7128
3172
1258
5547
7183
8450
1567
7516
2750
211
9817
9901
3491
962
6103
2414
6044
1512
1187
6487
8810
187
2412
7544
1436
9687
4790
251
6977
6764
9893
2048
671
2418
1799
5992
7754
3577
1555
1918
5762
1827
8999
9661
6224
1424
4729
873
2234
7217
4302
7930
2323
2226
3811
5194
7355
1419
649
7185
9516
7608
7298
1388
369
4481
6360
2171
2315
9315
7163
9143
9475
1551
5377
2177
9888
172
5754
4167
3010
5688
432
4956
9041
2327
7198
2372
8490
130
576
9089
4849
8945
1541
8053
3249
1901
9896
1073
5985
1614
9054
3455
3787
1248
9151
9950
4236
1446
1691
3548
4182
5332
3183
1366
8630
394
8516
7248
9813
661
5123
3082
9034
6630
1360
5531
6542
5284
199
8530
3236
5049
5960
6030
3514
4038
3328
9366
1232
4504
528
3434
4588
9170
289
8555
9460
3394
9629
4702
1895
8093
9651
6426
5458
7468
1288
9471
1138
3131
592
3702
4051
6386
455
6733
3860
5803
5451
7231
9771
3240
5503
183
6479
6293
2793
1539
6652
1688
6065
3366
1755
5546
3161
3678
8998
8136
6366
3290
859
3801
4417
3405
515
2642
8873
4052
4176
5629
9121
9949
4992
2299
5532
7267
8909
6957
5879
1064
2287
777
53
6954
5087
9023
7713
7448
8663
9097
7534
8239
311
9928
5417
9507
5950
1622
6677
3241
8379
4229
3711
4476
484
9271
4881
2348
65
2296
6142
9335
7770
9131
6808
1633
3712
9509
5975
4107
2933
4455
3555
161
796
9289
2028
5148
2111
5517
6962
8157
9021
1176
3468
4225
9534
5931
2556
5112
1411
8498
1361
9133
2164
6987
2590
8782
9154
7363
9865
738
5020
5655
787
2387
6689
9248
5075
5941
5831
6853
18
4014
22
4313
1877
2707
8790
1811
7124
4984
7320
1092
9466
7828
2138
9718
2
8063
1860
2517
8236
7800
3873
1110
9009
9623
4150
427
7377
3822
659
7518
1203
6173
8263
1297
4280
6232
6394
9732
2426
1074
5550
4902
3840
2459
3011
6325
5275
1152
473
4581
1544
6778
4843
490
8566
8622
900
7307
4585
7804
7714
1767
3890
1173
7048
7140
2958
4789
383
2074
3331
2195
6451
2204
5828
9447
7344
4534
1801
6154
7153
608
9253
2236
1161
6496
2772
331
4309
1929
1165
6538
7839
6140
3322
7247
7260
1147
9025
6673
5573
890
4561
5570
20
7046
1523
340
7218
2869
3185
1547
2192
8471
326
625
7832
920
9770
2985
533
8537
8048
7634
7691
7696
6181
8843
4369
619
3826
9754
568
4467
4780
477
3192
6480
1697
806
448
4135
6611
8915
5491
2060
6127
4110
4575
8207
2435
8688
6855
6864
1599
7397
4175
433
8153
3580
6850
8950
1885
5060
9711
2095
4201
1220
6843
3624
7925
152
8733
6169
1319
3886
1890
7199
4050
2789
1626
9028
7085
1130
754
688
4524
4262
5005
5507
2526
4703
965
1197
3744
7308
5608
716
1863
6901
9791
9630
1169
4173
3028
3769
9781
911
7099
3203
3941
8793
579
2677
1379
3162
2656
487
2997
3916
8089
2222
3084
7991
3060
3485
3727
2973
5763
5903
1488
9186
7229
6762
3974
8154
2082
6735
2794
809
9216
5431
3935
1276
7705
6318
2356
2068
8376
1453
5569
6634
1577
3362
2197
9158
1832
6893
8273
5208
9527
2009
1713
7922
5116
8647
2657
7170
5340
47
406
8465
1693
3256
5422
7848
1341
8005
8786
3724
1423
6945
3046
8799
8363
8378
3261
7280
376
2118
6194
3753
5824
9162
7405
3938
5012
5044
3991
8724
303
5602
5011
180
2689
9856
1162
6094
7349
5586
9286
8923
593
9838
3318
3761
3800
3866
131
8209
5290
7692
8625
5195
8544
5858
175
8191
1416
2141
1654
6777
341
6788
4955
934
8055
1896
8454
4060
8986
2267
6171
9427
3725
9955
1332
4215
6594
2294
9936
9481
377
1757
6206
6702
870
1661
8570
7728
1518
9066
3214
4877
942
1591
1989
6728
221
2072
2637
888
1070
4539
7667
5124
44
6413
1478
7224
7263
2016
7684
646
4604
964
8600
8565
6694
7214
594
3509
7736
2343
8967
6921
9821
7538
6709
4636
9951
4651
2173
2983
9257
8686
9555
2123
6549
1493
3008
9644
8833
6907
4930
9908
2974
7226
6919
2523
1282
6063
1351
6193
8427
6458
9458
3414
8588
7258
7539
1156
4354
1142
5061
9826
1588
570
7118
61
1672
2250
8403
789
3856
9405
6396
6304
8763
123
4172
425
3743
3643
8127
867
2039
7997
1022
7565
7744
4897
9945
1819
2530
9241
3032
6881
3892
4770
2227
9694
8658
7067
2574
8291
6279
343
8016
7674
2035
7107
689
6917
8026
3777
896
5747
8708
2852
3068
7001
6128
59
6332
99
2364
9834
1699
3213
5708
4994
2901
8694
1745
3299
8501
9839
8200
7044
7838
5356
357
6849
4860
2313
5596
7339
6078
4988
8070
5977
8598
4799
8477
6529
3320
4804
8996
8081
8779
5289
3639
609
3476
2021
2386
5231
730
1470
4261
1846
2815
1155
2646
5620
8821
2632
6147
637
1922
1798
1129
1604
9276
2970
4390
3044
6429
2732
1536
5740
3960
4841
7699
503
7709
2482
2551
1392
5935
6243
2737
1422
6371
4614
7177
8884
6309
178
8881
6683
9511
4875
5697
1802
8415
3785
7677
8266
6002
4401
8246
3954
6946
4278
8135
6665
4136
1813
4761
1018
9035
6472
7164
3353
7005
90
3150
3749
4465
4472
3020
3125
6795
1524
6707
8775
8208
8212
1560
4856
5260
8414
4683
3309
6324
5223
9400
9185
7769
2679
7041
5632
8831
5459
4882
9322
2031
9631
8143
8657
1056
113
6787
9102
5108
8396
6669
379
3038
6334
532
9227
3701
1736
875
8504
1880
706
148
9985
2152
3412
2788
2399
1690
6969
4187
1094
9243
7659
6944
1879
3713
6137
8883
749
2860
9648
1700
6208
4690
7203
5724
1558
1431
1621
5833
4208
9818
9463
7977
1128
7687
7981
2690
5625
6857
2365
6388
1425
3076
7420
7724
1448
4638
1996
9464
2915
8807
2964
194
1179
526
7306
3022
8
6282
1707
7458
2165
4885
2595
2565
5638
5776
3229
1269
7050
5520
8563
5317
5749
7293
7994
6637
7642
7527
4737
5789
2375
1853
7125
8870
3704
6871
6004
4096
7882
6792
6191
8491
1667
7409
9983
3139
117
233
352
9343
2408
2103
857
6703
8022
6151
6794
3613
120
5774
3741
7300
5736
6436
7182
8017
1862
7329
1085
5217
4687
779
7097
8892
4766
7672
4629
527
3300
5133
1771
9988
6421
7569
2610
5970
332
6117
4235
1629
5028
963
2946
5933
4408
7775
4416
5952
7554
622
1061
1919
6377
2007
1903
9195
1487
8985
1170
6491
5392
3998
3920
2492
2229
7831
4641
7434
3178
4560
1184
6295
2388
1740
54
3526
391
3189
363
2427
981
1721
7488
1573
8355
7276
4606
6581
9179
6613
6064
5899
9441
9048
879
1589
5063
588
9682
7951
4013
9140
1083
2849
3621
2766
7319
4850
1780
5272
5286
5703
5278
4068
2259
887
2882
126
6701
9540
9772
6619
371
8526
2113
3618
1637
2120
7879
150
678
8257
6450
3158
6352
1430
3950
6633
8288
7637
5015
564
1358
8747
8496
5454
3117
6296
4848
2170
1662
4493
8532
2403
3135
3317
9046
5383
2671
9768
5645
5426
9436
6587
2194
7891
9255
6918
3525
4656
8374
5345
6522
6364
9752
9977
4599
4385
6872
3720
1568
8727
4872
8830
5002
7845
3279
6005
2027
2626
7633
3497
7789
6692
3832
2198
640
4532
8525
2411
6769
5759
8867
9757
7360
9024
926
7781
3307
598
7105
9639
8730
657
9808
3510
733
5712
4470
4419
5919
952
9965
9010
8552
9602
3001
3812
8479
4631
7433
2396
9745
4861
3341
3319
6485
8661
6803
9869
9900
682
8910
4570
8429
7748
4961
1090
5072
3464
1620
333
3922
3000
8822
7555
1401
6452
3007
6107
9635
7757
6617
1758
7103
6719
5401
7228
1464
6079
1632
1474
6058
3123
8232
1168
6802
2659
858
9548
1104
2153
269
7948
226
6001
2560
4344
6098
5501
9876
2183
7127
5850
5552
1007
5925
1520
3786
7944
8262
5403
234
5367
7119
9282
7022
4556
4097
7431
6126
4705
7401
2358
4910
8365
7495
691
147
3968
4404
8735
2785
1106
835
3388
6281
8031
3385
5815
5878
6670
9831
5019
5974
1939
9012
5653
1202
6204
296
4767
2002
1835
5962
8125
9378
2174
1230
2033
6602
6319
5142
9213
4364
111
1476
9981
5646
1785
7864
4695
8836
4613
315
7072
193
5704
8518
1607
3146
2140
5983
7064
5247
2746
7869
143
133
2803
2310
6811
8825
5182
4047
1042
9622
3540
580
6234
1075
2950
1499
2547
52
6061
8635
8130
4197
8795
8416
2127
9272
5069
2540
3863
2104
7451
3429
7655
5262
6984
9695
2376
2812
3906
8905
9020
8559
6826
8704
7698
2079
4855
5034
2361
1335
4589
3880
3023
9303
8325
6966
2470
9443
8972
2712
8310
5270
2658
8855
7361
4179
2224
3121
9587
4728
3357
2339
9373
1970
8245
405
4329
2004
6329
8054
8181
3415
5589
9666
4726
1653
9399
1764
6655
6312
9232
5846
6246
8877
7829
6706
1889
5780
612
4740
6567
6608
3242
9098
6167
5889
4234
7130
1639
6122
5662
977
2792
8168
2692
6341
5659
2863
9039
768
2617
2232
5949
1849
1506
2546
4268
1017
4147
7560
5587
8612
6006
1461
7856
6321
1337
9240
3851
5106
3107
2968
7956
5696
7711
6228
1829
5436
3288
6666
4694
5524
2145
7084
9219
4976
2774
2281
3518
5145
2875
3848
3682
1359
5486
3451
4811
1759
3071
6715
3284
8584
8065
1774
2078
8084
9096
7313
8938
8448
8889
3665
7835
209
3197
7776
9814
6899
9662
1543
663
3487
5258
128
8122
8011
82
9413
5337
5308
2484
5972
8171
2856
8764
3677
9736
4352
8163
9921
7304
6400
3667
2701
1204
7155
6517
8446
2790
3505
1814
8710
668
9603
9763
6757
5151
9959
6691
4245
7844
3927
5718
7281
1660
4008
2179
4949
1909
6391
9363
2263
4121
1055
5907
9966
6863
1393
1385
1330
5825
5456
6623
6678
5548
7
4912
6705
9204
4936
3794
294
6791
902
6847
4678
3994
3894
5043
1746
6744
4317
7533
316
3259
9553
8219
4139
1279
1807
6725
4177
9895
5213
9562
6170
2680
5322
7524
6848
461
6832
9362
9986
2727
1866
2277
4360
6225
5682
3820
4559
8426
8696
7631
6269
3556
8776
8392
6629
32
5778
2329
6110
7660
7189
9156
6926
2115
5291
366
1298
89
4645
3448
17
1775
1398
8539
892
1331
3077
6562
1374
3098
7702
3902
5346
9541
4647
8391
1223
7651
8014
6062
862
8261
7814
4914
3783
3983
9033
6158
1574
5609
869
2686
6601
8746
7703
8455
1373
1678
24
443
6119
6039
5844
3223
8279
9316
5388
1357
7716
4982
2402
3193
3932
1892
994
9280
6018
6895
3817
2586
4193
8108
4281
4874
9805
3067
9787
9270
1548
6096
5862
9488
7591
1477
3836
4966
8494
6070
1462
94
3053
5188
7450
5923
1019
188
945
7868
7550
3346
4
7614
8330
7517
530
287
6520
8546
1048
9391
7305
1303
5938
9760
1192
6474
6021
8248
5349
4567
2015
6381
9445
6924
6482
8928
4777
8445
8754
2566
6298
4924
2745
7766
1093
9377
8866
1010
3370
8375
8161
4031
1891
7564
7508
5471
4127
4800
3506
4104
8242
3893
9716
2842
2821
3589
7330
5416
1100
6433
3029
2723
9912
7876
3364
5113
2687
8599
6755
8295
7178
7583
6900
1363
5244
8180
9785
2114
623
5154
2633
7091
3859
567
979
3537
6624
850
639
2609
1150
581
3262
5248
5090
4625
3982
5414
2017
2057
372
9152
6219
4284
6003
4515
7076
3774
6343
8556
9991
7632
1403
6297
4016
9962
7593
4543
5668
5032
8119
3784
492
3206
8077
4181
6459
4194
4430
3899
8645
9542
4658
4592
9300
7316
4517
2499
3371
5958
7721
6541
3396
8128
9000
149
8068
9942
2663
6024
5685
9851
8253
3132
8586
3179
7949
6294
4373
9111
3049
9238
5016
2271
3918
2305
3407
8976
5077
9790
4628
6595
5744
8720
2554
4086
7810
8863
7806
210
4075
8865
1910
4568
741
6468
410
8626
1583
5358
9437
6913
3155
7927
9429
2006
2841
6342
5765
305
6756
1249
7782
9357
6337
8953
9129
4206
5268
1576
6643
6659
1273
4214
3825
5215
1673
631
3609
6054
3291
2719
1145
3708
4204
64
349
4474
8097
4876
438
106
4275
4788
6819
347
5465
3187
6174
412
2688
223
4032
3965
7366
4778
8644
9617
7311
7440
8554
4084
5834
2916
3796
219
7862
1578
9929
9517
5199
8797
8074
4684
7282
9393
555
7057
8284
6270
4784
1327
4436
3380
4951
8957
2307
872
5786
3099
9693
9615
7966
3349
5964
5277
8659
4244
2077
3085
9448
8440
8382
7745
416
4246
2044
6445
9324
9657
6252
8794
4283
3454
9015
7480
8973
4484
6766
5174
19
8852
4488
7679
1698
701
8221
7576
766
1200
4932
3628
546
5225
5821
3764
2836
6772
121
5599
8460
7630
805
8286
6990
3545
5906
15
2163
6835
1414
4342
1941
2929
8278
5052
1753
2525
2524
3990
3272
8042
4700
8319
2162
9549
9667
9902
4934
6407
5738
7271
9656
5021
5579
1254
4459
7039
1717
2571
8886
3321
1789
9713
1107
5480
5115
5226
8270
3709
1315
5876
7896
2378
9490
2966
3989
3466
4825
3382
6133
5326
9784
3696
4704
2754
240
8796
4125
6272
1671
8577
9482
4056
7590
729
6604
7870
9485
6711
8240
3493
9927
2857
9677
3336
8805
7337
276
1833
4557
831
9913
2042
614
8785
2312
1035
5273
7889
2811
8004
6176
8538
7158
323
6152
8231
3306
8587
5928
3219
3568
3912
6583
6859
4042
7756
781
7530
6099
7854
6470
2108
4577
6144
2908
9295
136
6432
4810
1600
8743
3054
6856
1329
3273
6427
7759
4061
745
4605
7649
7292
1475
6840
7685
7147
5751
6771
3040
6514
8399
7082
6448
2872
7837
1913
746
4725
5472
1682
396
5771
1527
456
2341
9571
3494
1122
3350
4522
8395
7510
7670
1172
4963
1345
4424
6743
1015
6037
8226
8639
4947
6786
8941
3585
5809
8275
5462
8118
7817
9081
5276
137
3005
6784
4046
2603
3324
4103
185
3874
4634
7797
584
560
1786
8385
3791
7327
8601
2405
1648
4321
3182
575
9440
6546
8940
5884
9006
6723
5374
6399
9231
6912
9806
6498
7970
5427
1995
4691
3790
8060
300
3852
8562
9673
4661
5929
9707
8285
7834
1751
9501
5523
9045
9844
1956
8020
380
8515
6821
7653
5218
3438
2922
1669
5153
7491
8897
1685
4722
4962
5171
770
5460
9738
1530
9320
2900
5118
2012
1402
582
9758
5234
7589
5837
4482
5274
1727
5511
279
2993
402
1400
6952
4688
8784
8473
7359
7574
8875
5396
2837
7551
2351
4387
4998
6019
8943
8737
5515
2508
6362
8918
5085
6531
